0.025000 0.024997 0.999583 0.999688 0.000723
0.050000 0.049979 0.998750 0.998750 0.002337
0.075000 0.074930 0.997189 0.997189 0.003924
0.100000 0.099833 0.995004 0.995004 0.005250
0.125000 0.124675 0.992198 0.992198 0.006216
0.150000 0.149438 0.988771 0.988771 0.006839
0.175000 0.174108 0.984727 0.984727 0.007183
0.200000 0.198669 0.980067 0.980067 0.007319
0.225000 0.223106 0.974794 0.974794 0.007309
0.250000 0.247404 0.968912 0.968912 0.007206
0.275000 0.271547 0.962425 0.962425 0.007046
0.300000 0.295520 0.955336 0.955336 0.006855
0.325000 0.319309 0.947651 0.947651 0.006652
0.350000 0.342898 0.939373 0.939373 0.006448
0.375000 0.366273 0.930508 0.930508 0.006250
0.400000 0.389418 0.921061 0.921061 0.006063
0.425000 0.412321 0.911039 0.911039 0.005889
0.450000 0.434966 0.900447 0.900447 0.005728
0.475000 0.457338 0.889293 0.889293 0.005581
0.500000 0.479426 0.877583 0.877583 0.005446
0.525000 0.501213 0.865324 0.865324 0.005324
0.550000 0.522687 0.852525 0.852525 0.005212
0.575000 0.543835 0.839192 0.839192 0.005110
0.600000 0.564642 0.825336 0.825336 0.005017
0.625000 0.585097 0.810963 0.810963 0.004933
0.650000 0.605186 0.796084 0.796084 0.004855
0.675000 0.624897 0.780707 0.780707 0.004784
0.700000 0.644218 0.764842 0.764842 0.004718
0.725000 0.663135 0.748499 0.748499 0.004657
0.750000 0.681639 0.731689 0.731689 0.004601
0.775000 0.699716 0.714421 0.714421 0.004549
0.800000 0.717356 0.696707 0.696707 0.004500
0.825000 0.734548 0.678557 0.678557 0.004454
0.850000 0.751280 0.659983 0.659983 0.004412
0.875000 0.767544 0.640997 0.640997 0.004373
0.900000 0.783327 0.621610 0.621610 0.004335
0.925000 0.798621 0.601835 0.601835 0.004298
0.950000 0.813416 0.581683 0.581683 0.004266
0.975000 0.827702 0.561168 0.561168 0.004233
1.000000 0.841471 0.540302 0.540302 0.004203
1.025000 0.854714 0.519099 0.519099 0.004176
1.050000 0.867423 0.497571 0.497571 0.004146
1.075000 0.879590 0.475732 0.475732 0.004119
1.100000 0.891207 0.453596 0.453596 0.004091
1.125000 0.902268 0.431177 0.431177 0.004069
1.150000 0.912764 0.408487 0.408487 0.004047
1.175000 0.922690 0.385543 0.385543 0.004021
1.200000 0.932039 0.362358 0.362358 0.004002
1.225000 0.940806 0.338946 0.338946 0.003978
1.250000 0.948985 0.315322 0.315322 0.003956
1.275000 0.956570 0.291502 0.291502 0.003939
1.300000 0.963558 0.267499 0.267499 0.003920
1.325000 0.969944 0.243329 0.243329 0.003896
1.350000 0.975723 0.219007 0.219007 0.003875
1.375000 0.980893 0.194548 0.194548 0.003864
1.400000 0.985450 0.169967 0.169967 0.003846
1.425000 0.989391 0.145280 0.145280 0.003826
1.450000 0.992713 0.120503 0.120503 0.003809
1.475000 0.995415 0.095650 0.095650 0.003792
1.500000 0.997495 0.070737 0.070737 0.003776
1.525000 0.998952 0.045780 0.045780 0.003759
1.550000 0.999784 0.020795 0.020795 0.003744
1.575000 0.999991 -0.004204 -0.004204 0.003728
1.600000 0.999574 -0.029200 -0.029200 0.003711
1.625000 0.998531 -0.054177 -0.054177 0.003697
1.650000 0.996865 -0.079121 -0.079121 0.003682
1.675000 0.994576 -0.104015 -0.104015 0.003666
1.700000 0.991665 -0.128844 -0.128844 0.003653
1.725000 0.988134 -0.153593 -0.153593 0.003638
1.750000 0.983986 -0.178246 -0.178246 0.003624
1.775000 0.979223 -0.202787 -0.202787 0.003611
1.800000 0.973848 -0.227202 -0.227202 0.003595
1.825000 0.967864 -0.251475 -0.251475 0.003581
1.850000 0.961275 -0.275590 -0.275590 0.003569
1.875000 0.954086 -0.299534 -0.299534 0.003556
1.900000 0.946300 -0.323290 -0.323290 0.003540
1.925000 0.937923 -0.346844 -0.346844 0.003529
1.950000 0.928960 -0.370181 -0.370181 0.003516
1.975000 0.919416 -0.393287 -0.393287 0.003502
2.000000 0.909297 -0.416147 -0.416147 0.003490
2.025000 0.898611 -0.438747 -0.438747 0.003477
2.050000 0.887362 -0.461073 -0.461073 0.003464
2.075000 0.875559 -0.483110 -0.483110 0.003452
2.100000 0.863209 -0.504846 -0.504846 0.003441
2.125000 0.850320 -0.526266 -0.526266 0.003428
2.150000 0.836899 -0.547358 -0.547358 0.003416
2.175000 0.822955 -0.568107 -0.568107 0.003405
2.200000 0.808496 -0.588501 -0.588501 0.003393
2.225000 0.793533 -0.608528 -0.608528 0.003380
2.250000 0.778073 -0.628174 -0.628174 0.003371
2.275000 0.762127 -0.647427 -0.647427 0.003358
2.300000 0.745705 -0.666276 -0.666276 0.003346
2.325000 0.728817 -0.684709 -0.684709 0.003337
2.350000 0.711473 -0.702713 -0.702713 0.003323
2.375000 0.693685 -0.720278 -0.720278 0.003313
2.400000 0.675463 -0.737394 -0.737394 0.003303
2.425000 0.656819 -0.754048 -0.754048 0.003294
2.450000 0.637765 -0.770231 -0.770231 0.003284
2.475000 0.618312 -0.785933 -0.785933 0.003272
2.500000 0.598472 -0.801144 -0.801144 0.003260
2.525000 0.578259 -0.815854 -0.815854 0.003250
2.550000 0.557684 -0.830054 -0.830054 0.003244
2.575000 0.536760 -0.843735 -0.843735 0.003228
2.600000 0.515501 -0.856889 -0.856889 0.003221
2.625000 0.493920 -0.869507 -0.869507 0.003214
2.650000 0.472031 -0.881582 -0.881582 0.003200
2.675000 0.449846 -0.893106 -0.893106 0.003191
2.700000 0.427380 -0.904072 -0.904072 0.003187
2.725000 0.404647 -0.914473 -0.914473 0.003173
2.750000 0.381661 -0.924302 -0.924302 0.003165
2.775000 0.358437 -0.933554 -0.933554 0.003160
2.800000 0.334988 -0.942222 -0.942222 0.003143
2.825000 0.311330 -0.950302 -0.950302 0.003137
2.850000 0.287478 -0.957787 -0.957787 0.003134
2.875000 0.263446 -0.964674 -0.964674 0.003119
2.900000 0.239249 -0.970958 -0.970958 0.003111
2.925000 0.214903 -0.976635 -0.976635 0.003107
2.950000 0.190423 -0.981702 -0.981702 0.003091
2.975000 0.165823 -0.986155 -0.986156 0.003083
3.000000 0.141120 -0.989992 -0.989992 0.003080
3.025000 0.116329 -0.993211 -0.993211 0.003075
3.050000 0.091465 -0.995808 -0.995808 0.003065
3.075000 0.066543 -0.997784 -0.997784 0.003059
3.100000 0.041581 -0.999135 -0.999135 0.003043
3.125000 0.016592 -0.999862 -0.999862 0.003033
3.150000 -0.008407 -0.999965 -0.999965 0.003037
3.175000 -0.033401 -0.999442 -0.999442 0.003028
3.200000 -0.058374 -0.998295 -0.998295 0.003013
3.225000 -0.083311 -0.996524 -0.996524 0.003008
3.250000 -0.108195 -0.994130 -0.994130 0.003002
3.275000 -0.133012 -0.991114 -0.991114 0.002995
3.300000 -0.157746 -0.987480 -0.987480 0.002995
3.325000 -0.182381 -0.983228 -0.983228 0.002981
3.350000 -0.206902 -0.978362 -0.978362 0.002972
3.375000 -0.231294 -0.972884 -0.972884 0.002965
3.400000 -0.255541 -0.966798 -0.966798 0.002961
3.425000 -0.279629 -0.960108 -0.960108 0.002958
3.450000 -0.303542 -0.952818 -0.952818 0.002943
3.475000 -0.327265 -0.944933 -0.944933 0.002939
3.500000 -0.350783 -0.936457 -0.936457 0.002932
3.525000 -0.374083 -0.927395 -0.927395 0.002921
3.550000 -0.397148 -0.917754 -0.917755 0.002918
3.575000 -0.419966 -0.907540 -0.907540 0.002908
3.600000 -0.442520 -0.896758 -0.896758 0.002903
3.625000 -0.464799 -0.885416 -0.885416 0.002904
3.650000 -0.486787 -0.873521 -0.873521 0.002894
3.675000 -0.508470 -0.861080 -0.861080 0.002889
3.700000 -0.529836 -0.848100 -0.848100 0.002871
3.725000 -0.550871 -0.834590 -0.834590 0.002867
3.750000 -0.571561 -0.820559 -0.820559 0.002878
3.775000 -0.591895 -0.806015 -0.806015 0.002857
3.800000 -0.611858 -0.790968 -0.790968 0.002851
3.825000 -0.631439 -0.775426 -0.775426 0.002857
3.850000 -0.650625 -0.759399 -0.759399 0.002845
3.875000 -0.669405 -0.742898 -0.742898 0.002828
3.900000 -0.687766 -0.725932 -0.725932 0.002821
3.925000 -0.705698 -0.708513 -0.708513 0.002823
3.950000 -0.723188 -0.690651 -0.690651 0.002817
3.975000 -0.740227 -0.672357 -0.672357 0.002804
4.000000 -0.756802 -0.653644 -0.653644 0.002798
4.025000 -0.772905 -0.634521 -0.634521 0.002800
4.050000 -0.788525 -0.615002 -0.615002 0.002789
4.075000 -0.803652 -0.595099 -0.595099 0.002785
4.100000 -0.818277 -0.574824 -0.574824 0.002788
4.125000 -0.832391 -0.554190 -0.554190 0.002778
4.150000 -0.845984 -0.533209 -0.533209 0.002752
4.175000 -0.859048 -0.511895 -0.511895 0.002748
4.200000 -0.871576 -0.490261 -0.490261 0.002768
4.225000 -0.883559 -0.468320 -0.468320 0.002748
4.250000 -0.894989 -0.446087 -0.446087 0.002732
4.275000 -0.905861 -0.423576 -0.423576 0.002739
4.300000 -0.916166 -0.400799 -0.400799 0.002724
4.325000 -0.925899 -0.377772 -0.377772 0.002708
4.350000 -0.935053 -0.354509 -0.354509 0.002713
4.375000 -0.943622 -0.331024 -0.331024 0.002718
4.400000 -0.951602 -0.307333 -0.307333 0.002697
4.425000 -0.958987 -0.283449 -0.283449 0.002699
4.450000 -0.965773 -0.259388 -0.259389 0.002699
4.475000 -0.971955 -0.235166 -0.235166 0.002670
4.500000 -0.977530 -0.210796 -0.210796 0.002661
4.525000 -0.982494 -0.186294 -0.186294 0.002670
4.550000 -0.986844 -0.161676 -0.161676 0.002675
4.575000 -0.990577 -0.136957 -0.136957 0.002648
4.600000 -0.993691 -0.112153 -0.112153 0.002640
4.625000 -0.996184 -0.087278 -0.087278 0.002654
4.650000 -0.998054 -0.062349 -0.062349 0.002629
4.675000 -0.999301 -0.037380 -0.037380 0.002624
4.700000 -0.999923 -0.012389 -0.012389 0.002640
4.725000 -0.999920 0.012611 0.012611 0.002614
4.750000 -0.999293 0.037602 0.037602 0.002612
4.775000 -0.998041 0.062570 0.062570 0.002595
4.800000 -0.996165 0.087499 0.087499 0.002581
4.825000 -0.993666 0.112373 0.112373 0.002594
4.850000 -0.990547 0.137177 0.137177 0.002580
4.875000 -0.986808 0.161895 0.161895 0.002570
4.900000 -0.982453 0.186512 0.186512 0.002565
4.925000 -0.977483 0.211013 0.211013 0.002560
4.950000 -0.971903 0.235381 0.235381 0.002552
4.975000 -0.965715 0.259603 0.259603 0.002545
5.000000 -0.958924 0.283662 0.283662 0.002538
5.025000 -0.951534 0.307544 0.307544 0.002530
5.050000 -0.943549 0.331234 0.331234 0.002521
5.075000 -0.934974 0.354717 0.354717 0.002514
5.100000 -0.925815 0.377978 0.377978 0.002509
5.125000 -0.916077 0.401003 0.401003 0.002502
5.150000 -0.905767 0.423777 0.423777 0.002492
5.175000 -0.894890 0.446286 0.446286 0.002486
5.200000 -0.883455 0.468517 0.468517 0.002481
5.225000 -0.871467 0.490454 0.490454 0.002472
5.250000 -0.858934 0.512085 0.512085 0.002462
5.275000 -0.845865 0.533397 0.533397 0.002456
5.300000 -0.832267 0.554374 0.554374 0.002449
5.325000 -0.818149 0.575006 0.575006 0.002440
5.350000 -0.803520 0.595278 0.595278 0.002434
5.375000 -0.788389 0.615177 0.615177 0.002425
5.400000 -0.772764 0.634693 0.634693 0.002414
5.425000 -0.756657 0.653812 0.653812 0.002408
5.450000 -0.740077 0.672522 0.672522 0.002403
5.475000 -0.723035 0.690812 0.690812 0.002395
5.500000 -0.705540 0.708670 0.708670 0.002388
5.525000 -0.687605 0.726085 0.726085 0.002376
5.550000 -0.669240 0.743046 0.743046 0.002368
5.575000 -0.650457 0.759543 0.759544 0.002365
5.600000 -0.631267 0.775566 0.775566 0.002356
5.625000 -0.611682 0.791104 0.791104 0.002347
5.650000 -0.591716 0.806147 0.806147 0.002336
5.675000 -0.571379 0.820686 0.820686 0.002328
5.700000 -0.550686 0.834713 0.834713 0.002324
5.725000 -0.529648 0.848218 0.848218 0.002311
5.750000 -0.508279 0.861192 0.861192 0.002302
5.775000 -0.486593 0.873629 0.873629 0.002300
5.800000 -0.464602 0.885520 0.885520 0.002290
5.825000 -0.442321 0.896857 0.896857 0.002276
5.850000 -0.419764 0.907633 0.907633 0.002275
5.875000 -0.396944 0.917843 0.917843 0.002264
5.900000 -0.373877 0.927478 0.927478 0.002254
5.925000 -0.350575 0.936535 0.936535 0.002251
5.950000 -0.327055 0.945005 0.945005 0.002237
5.975000 -0.303330 0.952886 0.952886 0.002230
6.000000 -0.279415 0.960170 0.960170 0.002223
6.025000 -0.255326 0.966855 0.966855 0.002209
6.050000 -0.231078 0.972935 0.972935 0.002202
6.075000 -0.206685 0.978408 0.978408 0.002194
6.100000 -0.182163 0.983268 0.983268 0.002184
6.125000 -0.157526 0.987515 0.987515 0.002181
6.150000 -0.132792 0.991144 0.991144 0.002169
6.175000 -0.107974 0.994154 0.994154 0.002163
6.200000 -0.083089 0.996542 0.996542 0.002156
6.225000 -0.058152 0.998308 0.998308 0.002139
6.250000 -0.033179 0.999449 0.999449 0.002134
6.275000 -0.008185 0.999966 0.999967 0.002126
6.300000 0.016814 0.999859 0.999859 0.002116
6.325000 0.041803 0.999126 0.999126 0.002109
6.350000 0.066765 0.997769 0.997769 0.002099
6.375000 0.091686 0.995788 0.995788 0.002093
6.400000 0.116549 0.993185 0.993185 0.002084
6.425000 0.141340 0.989961 0.989961 0.002070
6.450000 0.166042 0.986119 0.986119 0.002067
6.475000 0.190641 0.981660 0.981660 0.002060
6.500000 0.215120 0.976588 0.976588 0.002041
6.525000 0.239465 0.970905 0.970905 0.002031
6.550000 0.263660 0.964616 0.964616 0.002031
6.575000 0.287691 0.957723 0.957723 0.002026
6.600000 0.311541 0.950233 0.950233 0.002008
6.625000 0.335197 0.942148 0.942148 0.002001
6.650000 0.358644 0.933474 0.933474 0.001995
6.675000 0.381866 0.924218 0.924218 0.001981
6.700000 0.404850 0.914383 0.914383 0.001979
6.725000 0.427581 0.903977 0.903977 0.001969
6.750000 0.450044 0.893006 0.893006 0.001953
6.775000 0.472226 0.881477 0.881477 0.001946
6.800000 0.494113 0.869397 0.869397 0.001940
6.825000 0.515692 0.856774 0.856774 0.001925
6.850000 0.536948 0.843616 0.843616 0.001920
6.875000 0.557868 0.829930 0.829930 0.001915
6.900000 0.578440 0.815725 0.815725 0.001902
6.925000 0.598650 0.801011 0.801011 0.001889
6.950000 0.618486 0.785796 0.785796 0.001885
6.975000 0.637936 0.770090 0.770090 0.001881
7.000000 0.656987 0.753902 0.753902 0.001867
7.025000 0.675627 0.737244 0.737244 0.001853
7.050000 0.693845 0.720124 0.720124 0.001848
7.075000 0.711629 0.702555 0.702555 0.001842
7.100000 0.728969 0.684547 0.684547 0.001825
7.125000 0.745853 0.666110 0.666110 0.001817
7.150000 0.762271 0.647258 0.647258 0.001817
7.175000 0.778213 0.628001 0.628001 0.001805
7.200000 0.793668 0.608351 0.608351 0.001794
7.225000 0.808627 0.588322 0.588322 0.001779
7.250000 0.823081 0.567924 0.567924 0.001772
7.275000 0.837020 0.547172 0.547172 0.001775
7.300000 0.850437 0.526078 0.526078 0.001754
7.325000 0.863321 0.504654 0.504654 0.001741
7.350000 0.875667 0.482916 0.482916 0.001748
7.375000 0.887465 0.460876 0.460876 0.001728
7.400000 0.898708 0.438547 0.438547 0.001718
7.425000 0.909390 0.415945 0.415945 0.001717
7.450000 0.919503 0.393083 0.393083 0.001699
7.475000 0.929042 0.369975 0.369975 0.001692
7.500000 0.938000 0.346635 0.346635 0.001679
7.525000 0.946372 0.323079 0.323079 0.001674
7.550000 0.954152 0.299322 0.299322 0.001666
7.575000 0.961336 0.275377 0.275377 0.001653
7.600000 0.967920 0.251260 0.251260 0.001648
7.625000 0.973898 0.226986 0.226986 0.001638
7.650000 0.979268 0.202570 0.202570 0.001637
7.675000 0.984026 0.178028 0.178028 0.001618
7.700000 0.988168 0.153374 0.153374 0.001608
7.725000 0.991693 0.128624 0.128624 0.001604
7.750000 0.994599 0.103794 0.103794 0.001596
7.775000 0.996883 0.078900 0.078900 0.001581
7.800000 0.998543 0.053955 0.053955 0.001574
7.825000 0.999580 0.028978 0.028978 0.001575
7.850000 0.999992 0.003982 0.003982 0.001556
7.875000 0.999779 -0.021017 -0.021017 0.001547
7.900000 0.998941 -0.046002 -0.046002 0.001530
7.925000 0.997479 -0.070959 -0.070959 0.001518
7.950000 0.995394 -0.095871 -0.095871 0.001528
7.975000 0.992686 -0.120723 -0.120723 0.001517
8.000000 0.989358 -0.145500 -0.145500 0.001501
8.025000 0.985412 -0.170186 -0.170186 0.001493
8.050000 0.980850 -0.194765 -0.194765 0.001474
8.075000 0.975675 -0.219223 -0.219223 0.001478
8.100000 0.969890 -0.243544 -0.243544 0.001475
8.125000 0.963499 -0.267713 -0.267713 0.001448
8.150000 0.956506 -0.291714 -0.291714 0.001444
8.175000 0.948915 -0.315533 -0.315533 0.001447
8.200000 0.940731 -0.339155 -0.339155 0.001426
8.225000 0.931959 -0.362565 -0.362565 0.001411
8.250000 0.922604 -0.385748 -0.385748 0.001418
8.275000 0.912673 -0.408690 -0.408690 0.001416
8.300000 0.902172 -0.431377 -0.431377 0.001391
8.325000 0.891107 -0.453794 -0.453794 0.001373
8.350000 0.879484 -0.475928 -0.475928 0.001376
8.375000 0.867313 -0.497764 -0.497764 0.001369
8.400000 0.854599 -0.519289 -0.519289 0.001353
8.425000 0.841351 -0.540489 -0.540489 0.001344
8.450000 0.827577 -0.561352 -0.561352 0.001339
8.475000 0.813286 -0.581864 -0.581864 0.001342
8.500000 0.798487 -0.602012 -0.602012 0.001318
8.525000 0.783189 -0.621784 -0.621784 0.001301
8.550000 0.767401 -0.641167 -0.641167 0.001306
8.575000 0.751134 -0.660150 -0.660150 0.001297
8.600000 0.734397 -0.678720 -0.678720 0.001300
8.625000 0.717201 -0.696866 -0.696866 0.001270
8.650000 0.699557 -0.714576 -0.714576 0.001267
8.675000 0.681476 -0.731840 -0.731840 0.001270
8.700000 0.662969 -0.748647 -0.748647 0.001240
8.725000 0.644048 -0.764985 -0.764985 0.001236
8.750000 0.624724 -0.780846 -0.780846 0.001237
8.775000 0.605010 -0.796218 -0.796218 0.001227
8.800000 0.584917 -0.811093 -0.811093 0.001203
8.825000 0.564459 -0.825461 -0.825461 0.001206
8.850000 0.543648 -0.839313 -0.839313 0.001192
8.875000 0.522498 -0.852641 -0.852641 0.001185
8.900000 0.501021 -0.865435 -0.865435 0.001185
8.925000 0.479231 -0.877689 -0.877689 0.001170
8.950000 0.457141 -0.889394 -0.889394 0.001164
8.975000 0.434766 -0.900544 -0.900544 0.001140
9.000000 0.412118 -0.911130 -0.911130 0.001145
9.025000 0.389214 -0.921147 -0.921147 0.001132
9.050000 0.366066 -0.930589 -0.930589 0.001125
9.075000 0.342689 -0.939449 -0.939449 0.001128
9.100000 0.319098 -0.947722 -0.947722 0.001092
9.125000 0.295308 -0.955402 -0.955402 0.001083
9.150000 0.271333 -0.962485 -0.962485 0.001100
9.175000 0.247189 -0.968967 -0.968967 0.001079
9.200000 0.222890 -0.974844 -0.974844 0.001063
9.225000 0.198452 -0.980111 -0.980111 0.001078
9.250000 0.173889 -0.984765 -0.984765 0.001052
9.275000 0.149219 -0.988804 -0.988804 0.001033
9.300000 0.124454 -0.992225 -0.992225 0.001041
9.325000 0.099612 -0.995026 -0.995026 0.001032
9.350000 0.074708 -0.997205 -0.997205 0.001005
9.375000 0.049757 -0.998761 -0.998761 0.001009
9.400000 0.024775 -0.999693 -0.999693 0.000992
9.425000 -0.000222 -1.000000 -1.000000 0.000979
9.450000 -0.025219 -0.999682 -0.999682 0.000997
9.475000 -0.050201 -0.998739 -0.998739 0.000972
9.500000 -0.075151 -0.997172 -0.997172 0.000956
9.525000 -0.100054 -0.994982 -0.994982 0.000943
9.550000 -0.124895 -0.992170 -0.992170 0.000932
9.575000 -0.149658 -0.988738 -0.988738 0.000953
9.600000 -0.174327 -0.984688 -0.984688 0.000928
9.625000 -0.198887 -0.980022 -0.980022 0.000913
9.650000 -0.223323 -0.974745 -0.974745 0.000901
9.675000 -0.247619 -0.968857 -0.968857 0.000893
9.700000 -0.271761 -0.962365 -0.962365 0.000891
9.725000 -0.295732 -0.955271 -0.955271 0.000866
9.750000 -0.319519 -0.947580 -0.947580 0.000871
9.775000 -0.343106 -0.939297 -0.939297 0.000884
9.800000 -0.366479 -0.930426 -0.930426 0.000850
9.825000 -0.389623 -0.920974 -0.920975 0.000819
9.850000 -0.412523 -0.910947 -0.910947 0.000849
9.875000 -0.435165 -0.900350 -0.900351 0.000826
9.900000 -0.457536 -0.889191 -0.889191 0.000812
9.925000 -0.479620 -0.877476 -0.877476 0.000801
9.950000 -0.501405 -0.865213 -0.865213 0.000794
9.975000 -0.522877 -0.852408 -0.852408 0.000793
10.000000 -0.544021 -0.839072 -0.839072 0.000766
10.025000 -0.564826 -0.825210 -0.825210 0.000776
10.050000 -0.585277 -0.810833 -0.810833 0.000759
10.075000 -0.605363 -0.795949 -0.795949 0.000749
10.100000 -0.625071 -0.780568 -0.780568 0.000742
10.125000 -0.644387 -0.764699 -0.764699 0.000742
10.150000 -0.663302 -0.748352 -0.748352 0.000717
10.175000 -0.681801 -0.731537 -0.731538 0.000696
10.200000 -0.699875 -0.714266 -0.714266 0.000709
10.225000 -0.717511 -0.696547 -0.696547 0.000694
10.250000 -0.734698 -0.678394 -0.678394 0.000686
10.275000 -0.751427 -0.659816 -0.659816 0.000684
10.300000 -0.767686 -0.640826 -0.640826 0.000657
10.325000 -0.783465 -0.621436 -0.621436 0.000633
10.350000 -0.798754 -0.601657 -0.601657 0.000641
10.375000 -0.813545 -0.581502 -0.581502 0.000653
10.400000 -0.827826 -0.560984 -0.560984 0.000642
10.425000 -0.841591 -0.540115 -0.540115 0.000604
10.450000 -0.854829 -0.518909 -0.518909 0.000603
10.475000 -0.867534 -0.497378 -0.497378 0.000605
10.500000 -0.879696 -0.475537 -0.475537 0.000575
10.525000 -0.891308 -0.453398 -0.453398 0.000588
10.550000 -0.902363 -0.430976 -0.430976 0.000568
10.575000 -0.912855 -0.408285 -0.408285 0.000556
10.600000 -0.922775 -0.385338 -0.385338 0.000546
10.625000 -0.932120 -0.362151 -0.362151 0.000540
10.650000 -0.940881 -0.338737 -0.338737 0.000540
10.675000 -0.949055 -0.315112 -0.315112 0.000507
10.700000 -0.956635 -0.291289 -0.291289 0.000518
10.725000 -0.963618 -0.267285 -0.267285 0.000495
10.750000 -0.969998 -0.243113 -0.243113 0.000475
10.775000 -0.975772 -0.218790 -0.218790 0.000495
10.800000 -0.980936 -0.194330 -0.194330 0.000485
10.825000 -0.985487 -0.169748 -0.169748 0.000444
10.850000 -0.989423 -0.145061 -0.145061 0.000444
10.875000 -0.992740 -0.120282 -0.120282 0.000446
10.900000 -0.995436 -0.095429 -0.095429 0.000413
10.925000 -0.997511 -0.070516 -0.070516 0.000427
10.950000 -0.998962 -0.045559 -0.045559 0.000403
10.975000 -0.999788 -0.020573 -0.020573 0.000383
11.000000 -0.999990 0.004426 0.004426 0.000405
11.025000 -0.999567 0.029421 0.029421 0.000395
11.050000 -0.998519 0.054399 0.054399 0.000352
11.075000 -0.996847 0.079342 0.079342 0.000351
11.100000 -0.994553 0.104236 0.104236 0.000354
11.125000 -0.991636 0.129065 0.129065 0.000318
11.150000 -0.988100 0.153813 0.153813 0.000326
11.175000 -0.983946 0.178465 0.178465 0.000338
11.200000 -0.979178 0.203005 0.203005 0.000319
11.225000 -0.973797 0.227418 0.227418 0.000261
11.250000 -0.967808 0.251690 0.251690 0.000291
11.275000 -0.961214 0.275804 0.275804 0.000280
11.300000 -0.954019 0.299745 0.299745 0.000229
11.325000 -0.946228 0.323500 0.323500 0.000267
11.350000 -0.937846 0.347052 0.347052 0.000265
11.375000 -0.928877 0.370387 0.370387 0.000231
11.400000 -0.919329 0.393491 0.393491 0.000200
11.425000 -0.909205 0.416349 0.416349 0.000210
11.450000 -0.898513 0.438946 0.438946 0.000229
11.475000 -0.887260 0.461270 0.461270 0.000165
11.500000 -0.875452 0.483305 0.483305 0.000148
11.525000 -0.863097 0.505038 0.505038 0.000175
11.550000 -0.850203 0.526455 0.526455 0.000159
11.575000 -0.836777 0.547543 0.547543 0.000150
11.600000 -0.822829 0.568290 0.568290 0.000144
11.625000 -0.808366 0.588681 0.588681 0.000146
11.650000 -0.793398 0.608704 0.608704 0.000108
11.675000 -0.777934 0.628346 0.628346 0.000073
11.700000 -0.761984 0.647596 0.647596 0.000082
11.725000 -0.745557 0.666442 0.666442 0.000094
11.750000 -0.728665 0.684870 0.684870 0.000066
11.775000 -0.711317 0.702871 0.702871 0.000040
11.800000 -0.693525 0.720432 0.720432 0.000066
11.825000 -0.675299 0.737544 0.737544 0.000050
11.850000 -0.656652 0.754194 0.754194 -0.000007
11.875000 -0.637594 0.770373 0.770373 -0.000018
11.900000 -0.618137 0.786070 0.786070 0.000018
11.925000 -0.598294 0.801276 0.801276 0.000013
11.950000 -0.578077 0.815982 0.815982 -0.000036
11.975000 -0.557499 0.830177 0.830177 -0.000031
12.000000 -0.536573 0.843854 0.843854 -0.000024
12.025000 -0.515311 0.857003 0.857003 -0.000060
12.050000 -0.493727 0.869617 0.869617 -0.000095
12.075000 -0.471835 0.881687 0.881687 -0.000074
12.100000 -0.449647 0.893206 0.893206 -0.000104
12.125000 -0.427179 0.904167 0.904167 -0.000132
12.150000 -0.404444 0.914563 0.914563 -0.000104
12.175000 -0.381456 0.924387 0.924387 -0.000127
12.200000 -0.358229 0.933634 0.933634 -0.000141
12.225000 -0.334779 0.942297 0.942297 -0.000154
12.250000 -0.311119 0.950371 0.950371 -0.000164
12.275000 -0.287265 0.957851 0.957851 -0.000172
12.300000 -0.263232 0.964733 0.964733 -0.000171
12.325000 -0.239034 0.971011 0.971011 -0.000225
12.350000 -0.214686 0.976683 0.976683 -0.000219
12.375000 -0.190205 0.981744 0.981744 -0.000212
12.400000 -0.165604 0.986192 0.986192 -0.000259
12.425000 -0.140900 0.990024 0.990024 -0.000240
12.450000 -0.116108 0.993237 0.993237 -0.000283
12.475000 -0.091244 0.995829 0.995829 -0.000266
12.500000 -0.066322 0.997798 0.997798 -0.000240
12.525000 -0.041359 0.999144 0.999144 -0.000322
12.550000 -0.016370 0.999866 0.999866 -0.000344
12.575000 0.008629 0.999963 0.999963 -0.000311
12.600000 0.033623 0.999435 0.999435 -0.000335
12.625000 0.058596 0.998282 0.998282 -0.000350
12.650000 0.083532 0.996505 0.996505 -0.000364
12.675000 0.108416 0.994106 0.994106 -0.000374
12.700000 0.133232 0.991085 0.991085 -0.000383
12.725000 0.157965 0.987445 0.987445 -0.000390
12.750000 0.182599 0.983187 0.983187 -0.000387
12.775000 0.207119 0.978316 0.978316 -0.000438
12.800000 0.231510 0.972833 0.972833 -0.000487
12.825000 0.255756 0.966741 0.966741 -0.000486
12.850000 0.279842 0.960046 0.960046 -0.000418
12.875000 0.303753 0.952751 0.952751 -0.000468
12.900000 0.327474 0.944860 0.944860 -0.000510
12.925000 0.350991 0.936379 0.936379 -0.000485
12.950000 0.374289 0.927312 0.927312 -0.000522
12.975000 0.397352 0.917666 0.917666 -0.000558
13.000000 0.420167 0.907447 0.907447 -0.000526
13.025000 0.442720 0.896660 0.896660 -0.000558
13.050000 0.464995 0.885313 0.885313 -0.000588
13.075000 0.486981 0.873413 0.873413 -0.000541
13.100000 0.508661 0.860967 0.860967 -0.000627
13.125000 0.530024 0.847982 0.847982 -0.000644
13.150000 0.551056 0.834468 0.834468 -0.000598
13.175000 0.571744 0.820432 0.820432 -0.000618
13.200000 0.592074 0.805884 0.805884 -0.000621
13.225000 0.612034 0.790832 0.790832 -0.000691
13.250000 0.631611 0.775285 0.775285 -0.000690
13.275000 0.650794 0.759255 0.759255 -0.000695
13.300000 0.669570 0.742749 0.742749 -0.000697
13.325000 0.687927 0.725780 0.725780 -0.000690
13.350000 0.705855 0.708356 0.708356 -0.000752
13.375000 0.723341 0.690490 0.690491 -0.000733
13.400000 0.740376 0.672193 0.672193 -0.000791
13.425000 0.756948 0.653476 0.653476 -0.000776
13.450000 0.773046 0.634350 0.634350 -0.000758
13.475000 0.788662 0.614827 0.614827 -0.000803
13.500000 0.803784 0.594921 0.594921 -0.000847
13.525000 0.818405 0.574642 0.574642 -0.000815
13.550000 0.832514 0.554005 0.554005 -0.000856
13.575000 0.846102 0.533021 0.533021 -0.000894
13.600000 0.859162 0.511704 0.511704 -0.000856
13.625000 0.871685 0.490067 0.490067 -0.000899
13.650000 0.883663 0.468124 0.468124 -0.000856
13.675000 0.895088 0.445889 0.445889 -0.000879
13.700000 0.905955 0.423375 0.423375 -0.000968
13.725000 0.916255 0.400596 0.400596 -0.000988
13.750000 0.925982 0.377567 0.377567 -0.000937
13.775000 0.935131 0.354301 0.354301 -0.000961
13.800000 0.943696 0.330815 0.330815 -0.000975
13.825000 0.951670 0.307122 0.307122 -0.000978
13.850000 0.959050 0.283236 0.283236 -0.001059
13.875000 0.965831 0.259174 0.259174 -0.001059
13.900000 0.972008 0.234950 0.234950 -0.001066
13.925000 0.977577 0.210579 0.210579 -0.001071
13.950000 0.982535 0.186076 0.186076 -0.001074
13.975000 0.986880 0.161457 0.161457 -0.001075
14.000000 0.990607 0.136737 0.136737 -0.001065
14.025000 0.993716 0.111932 0.111932 -0.001136
14.050000 0.996203 0.087057 0.087057 -0.001113
14.075000 0.998068 0.062127 0.062127 -0.001172
14.100000 0.999309 0.037158 0.037158 -0.001239
14.125000 0.999926 0.012167 0.012167 -0.001135
14.150000 0.999918 -0.012833 -0.012833 -0.001199
14.175000 0.999284 -0.037824 -0.037824 -0.001252
14.200000 0.998027 -0.062792 -0.062792 -0.001227
14.225000 0.996145 -0.087720 -0.087720 -0.001200
14.250000 0.993641 -0.112594 -0.112594 -0.001248
14.275000 0.990516 -0.137397 -0.137397 -0.001294
14.300000 0.986772 -0.162114 -0.162114 -0.001252
14.325000 0.982411 -0.186731 -0.186731 -0.001295
14.350000 0.977436 -0.211230 -0.211230 -0.001327
14.375000 0.971851 -0.235597 -0.235597 -0.001368
14.400000 0.965658 -0.259817 -0.259817 -0.001317
14.425000 0.958861 -0.283875 -0.283875 -0.001354
14.450000 0.951466 -0.307755 -0.307755 -0.001380
14.475000 0.943475 -0.331443 -0.331443 -0.001404
14.500000 0.934895 -0.354924 -0.354924 -0.001426
14.525000 0.925731 -0.378183 -0.378183 -0.001448
14.550000 0.915988 -0.401206 -0.401206 -0.001477
14.575000 0.905673 -0.423978 -0.423978 -0.001413
14.600000 0.894791 -0.446485 -0.446485 -0.001428
14.625000 0.883351 -0.468713 -0.468713 -0.001526
14.650000 0.871358 -0.490648 -0.490648 -0.001528
14.675000 0.858821 -0.512276 -0.512276 -0.001540
14.700000 0.845747 -0.533584 -0.533584 -0.001560
14.725000 0.832144 -0.554559 -0.554559 -0.001472
14.750000 0.818022 -0.575187 -0.575187 -0.001564
14.775000 0.803388 -0.595456 -0.595456 -0.001644
14.800000 0.788252 -0.615352 -0.615352 -0.001647
14.825000 0.772624 -0.634864 -0.634864 -0.001551
14.850000 0.756512 -0.653980 -0.653980 -0.001638
14.875000 0.739928 -0.672686 -0.672686 -0.001723
14.900000 0.722881 -0.690972 -0.690972 -0.001610
14.925000 0.705383 -0.708826 -0.708826 -0.001704
14.950000 0.687444 -0.726238 -0.726238 -0.001686
14.975000 0.669075 -0.743195 -0.743195 -0.001666
15.000000 0.650288 -0.759688 -0.759688 -0.001734
15.025000 0.631094 -0.775706 -0.775706 -0.001801
15.050000 0.611507 -0.791239 -0.791239 -0.001776
15.075000 0.591537 -0.806278 -0.806278 -0.001750
15.100000 0.571197 -0.820813 -0.820813 -0.001824
15.125000 0.550500 -0.834835 -0.834835 -0.001782
15.150000 0.529459 -0.848335 -0.848335 -0.001843
15.175000 0.508088 -0.861305 -0.861305 -0.001902
15.200000 0.486399 -0.873737 -0.873737 -0.001867
15.225000 0.464406 -0.885623 -0.885623 -0.001830
15.250000 0.442122 -0.896955 -0.896955 -0.001885
15.275000 0.419562 -0.907726 -0.907726 -0.001939
15.300000 0.396741 -0.917931 -0.917931 -0.001885
15.325000 0.373671 -0.927561 -0.927561 -0.001936
15.350000 0.350367 -0.936612 -0.936612 -0.001974
15.375000 0.326845 -0.945078 -0.945078 -0.002011
15.400000 0.303118 -0.952953 -0.952953 -0.002059
15.425000 0.279202 -0.960232 -0.960232 -0.001995
15.450000 0.255112 -0.966912 -0.966912 -0.002040
15.475000 0.230862 -0.972987 -0.972987 -0.002084
15.500000 0.206467 -0.978453 -0.978453 -0.002015
15.525000 0.181944 -0.983309 -0.983309 -0.002056
15.550000 0.157307 -0.987550 -0.987550 -0.002082
15.575000 0.132572 -0.991173 -0.991173 -0.002103
15.600000 0.107754 -0.994178 -0.994178 -0.002172
15.625000 0.082868 -0.996561 -0.996561 -0.002162
15.650000 0.057931 -0.998321 -0.998321 -0.002167
15.675000 0.032957 -0.999457 -0.999457 -0.002189
15.700000 0.007963 -0.999968 -0.999968 -0.002208
15.725000 -0.017036 -0.999855 -0.999855 -0.002227
15.750000 -0.042024 -0.999117 -0.999117 -0.002231
15.775000 -0.066987 -0.997754 -0.997754 -0.002256
15.800000 -0.091907 -0.995768 -0.995768 -0.002278
15.825000 -0.116770 -0.993159 -0.993159 -0.002288
15.850000 -0.141560 -0.989930 -0.989930 -0.002307
15.875000 -0.166261 -0.986082 -0.986082 -0.002324
15.900000 -0.190859 -0.981618 -0.981618 -0.002338
15.925000 -0.215337 -0.976540 -0.976540 -0.002361
15.950000 -0.239680 -0.970852 -0.970852 -0.002384
15.975000 -0.263874 -0.964557 -0.964557 -0.002392
16.000000 -0.287903 -0.957659 -0.957659 -0.002412
16.025000 -0.311752 -0.950163 -0.950163 -0.002427
16.050000 -0.335407 -0.942073 -0.942073 -0.002453
16.075000 -0.358851 -0.933395 -0.933395 -0.002466
16.100000 -0.382071 -0.924133 -0.924133 -0.002477
16.125000 -0.405053 -0.914293 -0.914293 -0.002498
16.150000 -0.427781 -0.903882 -0.903882 -0.002515
16.175000 -0.450242 -0.892906 -0.892906 -0.002543
16.200000 -0.472422 -0.881372 -0.881372 -0.002558
16.225000 -0.494306 -0.869288 -0.869288 -0.002572
16.250000 -0.515882 -0.856660 -0.856660 -0.002583
16.275000 -0.537135 -0.843496 -0.843496 -0.002604
16.300000 -0.558052 -0.829806 -0.829806 -0.002635
16.325000 -0.578621 -0.815597 -0.815597 -0.002640
16.350000 -0.598828 -0.800878 -0.800878 -0.002656
16.375000 -0.618661 -0.785658 -0.785658 -0.002683
16.400000 -0.638107 -0.769948 -0.769948 -0.002694
16.425000 -0.657154 -0.753756 -0.753756 -0.002716
16.450000 -0.675791 -0.737094 -0.737094 -0.002738
16.475000 -0.694005 -0.719970 -0.719970 -0.002744
16.500000 -0.711785 -0.702397 -0.702397 -0.002762
16.525000 -0.729121 -0.684385 -0.684385 -0.002790
16.550000 -0.746001 -0.665945 -0.665945 -0.002801
16.575000 -0.762415 -0.647089 -0.647089 -0.002825
16.600000 -0.778352 -0.627828 -0.627828 -0.002848
16.625000 -0.793803 -0.608175 -0.608175 -0.002856
16.650000 -0.808758 -0.588142 -0.588142 -0.002876
16.675000 -0.823207 -0.567741 -0.567741 -0.002894
16.700000 -0.837142 -0.546986 -0.546986 -0.002908
16.725000 -0.850553 -0.525889 -0.525889 -0.002936
16.750000 -0.863433 -0.504463 -0.504463 -0.002948
16.775000 -0.875774 -0.482721 -0.482721 -0.002957
16.800000 -0.887567 -0.460679 -0.460679 -0.002992
16.825000 -0.898805 -0.438348 -0.438348 -0.003011
16.850000 -0.909482 -0.415743 -0.415743 -0.003017
16.875000 -0.919590 -0.392878 -0.392878 -0.003034
16.900000 -0.929124 -0.369768 -0.369768 -0.003062
16.925000 -0.938077 -0.346427 -0.346427 -0.003073
16.950000 -0.946444 -0.322869 -0.322869 -0.003098
16.975000 -0.954219 -0.299110 -0.299110 -0.003121
17.000000 -0.961397 -0.275163 -0.275163 -0.003129
17.025000 -0.967975 -0.251045 -0.251045 -0.003150
17.050000 -0.973948 -0.226770 -0.226770 -0.003168
17.075000 -0.979313 -0.202353 -0.202353 -0.003185
17.100000 -0.984065 -0.177809 -0.177809 -0.003199
17.125000 -0.988202 -0.153154 -0.153154 -0.003225
17.150000 -0.991722 -0.128404 -0.128404 -0.003250
17.175000 -0.994622 -0.103574 -0.103574 -0.003258
17.200000 -0.996900 -0.078678 -0.078678 -0.003281
17.225000 -0.998555 -0.053734 -0.053734 -0.003302
17.250000 -0.999586 -0.028756 -0.028756 -0.003306
17.275000 -0.999993 -0.003760 -0.003760 -0.003338
17.300000 -0.999774 0.021239 0.021239 -0.003353
17.325000 -0.998931 0.046224 0.046224 -0.003366
17.350000 -0.997463 0.071180 0.071180 -0.003394
17.375000 -0.995372 0.096092 0.096092 -0.003403
17.400000 -0.992659 0.120944 0.120944 -0.003427
17.425000 -0.989326 0.145720 0.145720 -0.003448
17.450000 -0.985374 0.170405 0.170405 -0.003467
17.475000 -0.980807 0.194983 0.194983 -0.003486
17.500000 -0.975626 0.219440 0.219440 -0.003503
17.525000 -0.969836 0.243759 0.243760 -0.003519
17.550000 -0.963439 0.267927 0.267927 -0.003533
17.575000 -0.956441 0.291926 0.291926 -0.003559
17.600000 -0.948844 0.315744 0.315744 -0.003584
17.625000 -0.940655 0.339364 0.339364 -0.003592
17.650000 -0.931878 0.362772 0.362772 -0.003616
17.675000 -0.922519 0.385953 0.385953 -0.003638
17.700000 -0.912582 0.408893 0.408893 -0.003642
17.725000 -0.902076 0.431577 0.431577 -0.003660
17.750000 -0.891006 0.453992 0.453992 -0.003691
17.775000 -0.879379 0.476123 0.476123 -0.003703
17.800000 -0.867202 0.497956 0.497956 -0.003733
17.825000 -0.854484 0.519478 0.519478 -0.003745
17.850000 -0.841231 0.540676 0.540676 -0.003753
17.875000 -0.827453 0.561536 0.561536 -0.003795
17.900000 -0.813157 0.582044 0.582044 -0.003799
17.925000 -0.798353 0.602189 0.602189 -0.003821
17.950000 -0.783051 0.621958 0.621958 -0.003842
17.975000 -0.767259 0.641338 0.641338 -0.003843
18.000000 -0.750987 0.660317 0.660317 -0.003876
18.025000 -0.734246 0.678883 0.678883 -0.003905
18.050000 -0.717047 0.697025 0.697025 -0.003918
18.075000 -0.699399 0.714732 0.714732 -0.003932
18.100000 -0.681314 0.731991 0.731991 -0.003943
18.125000 -0.662803 0.748794 0.748794 -0.003968
18.150000 -0.643878 0.765128 0.765128 -0.003992
18.175000 -0.624551 0.780984 0.780984 -0.003998
18.200000 -0.604833 0.796352 0.796352 -0.004018
18.225000 -0.584737 0.811223 0.811223 -0.004053
18.250000 -0.564276 0.825586 0.825586 -0.004069
18.275000 -0.543462 0.839434 0.839434 -0.004086
18.300000 -0.522309 0.852757 0.852757 -0.004102
18.325000 -0.500829 0.865546 0.865546 -0.004115
18.350000 -0.479036 0.877795 0.877795 -0.004145
18.375000 -0.456943 0.889496 0.889496 -0.004156
18.400000 -0.434566 0.900640 0.900640 -0.004165
18.425000 -0.411916 0.911222 0.911222 -0.004190
18.450000 -0.389009 0.921234 0.921234 -0.004212
18.475000 -0.365859 0.930670 0.930670 -0.004233
18.500000 -0.342481 0.939525 0.939525 -0.004253
18.525000 -0.318888 0.947792 0.947792 -0.004272
18.550000 -0.295096 0.955468 0.955468 -0.004287
18.575000 -0.271120 0.962546 0.962546 -0.004321
18.600000 -0.246974 0.969022 0.969022 -0.004337
18.625000 -0.222673 0.974893 0.974893 -0.004332
18.650000 -0.198234 0.980155 0.980155 -0.004363
18.675000 -0.173671 0.984804 0.984804 -0.004391
18.700000 -0.148999 0.988837 0.988837 -0.004398
18.725000 -0.124234 0.992253 0.992253 -0.004424
18.750000 -0.099392 0.995048 0.995048 -0.004448
18.775000 -0.074487 0.997222 0.997222 -0.004452
18.800000 -0.049536 0.998772 0.998772 -0.004475
18.825000 -0.024553 0.999699 0.999699 -0.004495
18.850000 0.000444 1.000000 1.000000 -0.004511
18.875000 0.025441 0.999676 0.999676 -0.004546
18.900000 0.050423 0.998728 0.998728 -0.004563
18.925000 0.075373 0.997155 0.997155 -0.004558
18.950000 0.100275 0.994960 0.994960 -0.004591
18.975000 0.125115 0.992142 0.992142 -0.004622
19.000000 0.149877 0.988705 0.988705 -0.004612
19.025000 0.174545 0.984649 0.984649 -0.004641
19.050000 0.199105 0.979978 0.979978 -0.004665
19.075000 0.223539 0.974695 0.974695 -0.004689
19.100000 0.247834 0.968802 0.968802 -0.004713
19.125000 0.271974 0.962305 0.962305 -0.004716
19.150000 0.295944 0.955205 0.955205 -0.004739
19.175000 0.319730 0.947509 0.947509 -0.004758
19.200000 0.343315 0.939220 0.939220 -0.004774
19.225000 0.366686 0.930345 0.930345 -0.004810
19.250000 0.389827 0.920888 0.920888 -0.004826
19.275000 0.412725 0.910856 0.910856 -0.004820
19.300000 0.435365 0.900254 0.900254 -0.004854
19.325000 0.457733 0.889090 0.889090 -0.004884
19.350000 0.479815 0.877370 0.877370 -0.004894
19.375000 0.501597 0.865101 0.865101 -0.004903
19.400000 0.523066 0.852292 0.852292 -0.004933
19.425000 0.544207 0.838951 0.838951 -0.004937
19.450000 0.565009 0.825085 0.825085 -0.004963
19.475000 0.585457 0.810703 0.810703 -0.004985
19.500000 0.605540 0.795815 0.795815 -0.005006
19.525000 0.625244 0.780429 0.780429 -0.005029
19.550000 0.644557 0.764556 0.764556 -0.005026
19.575000 0.663468 0.748205 0.748205 -0.005067
19.600000 0.681964 0.731386 0.731386 -0.005082
19.625000 0.700033 0.714110 0.714110 -0.005098
19.650000 0.717665 0.696388 0.696388 -0.005114
19.675000 0.734849 0.678231 0.678231 -0.005126
19.700000 0.751573 0.659649 0.659649 -0.005160
19.725000 0.767828 0.640656 0.640656 -0.005167
19.750000 0.783603 0.621262 0.621262 -0.005197
19.775000 0.798888 0.601480 0.601480 -0.005228
19.800000 0.813674 0.581322 0.581322 -0.005212
19.825000 0.827951 0.560800 0.560800 -0.005242
19.850000 0.841711 0.539929 0.539929 -0.005265
19.875000 0.854945 0.518719 0.518719 -0.005288
19.900000 0.867644 0.497186 0.497186 -0.005312
19.925000 0.879801 0.475342 0.475342 -0.005312
19.950000 0.891409 0.453200 0.453200 -0.005334
19.975000 0.902459 0.430776 0.430776 -0.005350
20.000000 0.912945 0.408082 0.408082 -0.005390
20.025000 0.922861 0.385133 0.385133 -0.005407
20.050000 0.932200 0.361944 0.361944 -0.005399
20.075000 0.940956 0.338528 0.338528 -0.005438
20.100000 0.949125 0.314901 0.314901 -0.005450
20.125000 0.956700 0.291077 0.291077 -0.005461
20.150000 0.963677 0.267071 0.267071 -0.005495
20.175000 0.970052 0.242898 0.242898 -0.005504
20.200000 0.975821 0.218573 0.218573 -0.005512
20.225000 0.980979 0.194112 0.194112 -0.005541
20.250000 0.985525 0.169530 0.169530 -0.005566
20.275000 0.989455 0.144841 0.144841 -0.005593
20.300000 0.992766 0.120062 0.120062 -0.005597
20.325000 0.995457 0.095208 0.095208 -0.005598
20.350000 0.997526 0.070294 0.070294 -0.005645
20.375000 0.998972 0.045337 0.045337 -0.005666
20.400000 0.999793 0.020351 0.020351 -0.005663
20.425000 0.999989 -0.004648 -0.004648 -0.005685
20.450000 0.999561 -0.029643 -0.029643 -0.005704
20.475000 0.998507 -0.054621 -0.054621 -0.005718
20.500000 0.996830 -0.079564 -0.079564 -0.005758
20.525000 0.994529 -0.104457 -0.104457 -0.005771
20.550000 0.991607 -0.129285 -0.129285 -0.005786
20.575000 0.988066 -0.154032 -0.154032 -0.005799
20.600000 0.983907 -0.178683 -0.178683 -0.005810
20.625000 0.979133 -0.203222 -0.203222 -0.005845
20.650000 0.973747 -0.227635 -0.227635 -0.005853
20.675000 0.967752 -0.251905 -0.251905 -0.005861
20.700000 0.961153 -0.276017 -0.276017 -0.005891
20.725000 0.953953 -0.299957 -0.299957 -0.005920
20.750000 0.946156 -0.323710 -0.323710 -0.005925
20.775000 0.937769 -0.347260 -0.347260 -0.005926
20.800000 0.928795 -0.370593 -0.370593 -0.005977
20.825000 0.919241 -0.393695 -0.393695 -0.006000
20.850000 0.909113 -0.416551 -0.416551 -0.006001
20.875000 0.898416 -0.439146 -0.439146 -0.006001
20.900000 0.887158 -0.461467 -0.461467 -0.006021
20.925000 0.875345 -0.483499 -0.483499 -0.006065
20.950000 0.862985 -0.505229 -0.505229 -0.006084
20.975000 0.850086 -0.526644 -0.526644 -0.006077
21.000000 0.836656 -0.547729 -0.547729 -0.006095
21.025000 0.822702 -0.568472 -0.568472 -0.006136
21.050000 0.808235 -0.588860 -0.588860 -0.006148
21.075000 0.793262 -0.608880 -0.608880 -0.006163
21.100000 0.777794 -0.628519 -0.628519 -0.006176
21.125000 0.761840 -0.647766 -0.647766 -0.006186
21.150000 0.745409 -0.666607 -0.666607 -0.006220
21.175000 0.728513 -0.685032 -0.685032 -0.006256
21.200000 0.711161 -0.703029 -0.703029 -0.006235
21.225000 0.693365 -0.720586 -0.720586 -0.006270
21.250000 0.675136 -0.737694 -0.737694 -0.006301
21.275000 0.656484 -0.754340 -0.754340 -0.006306
21.300000 0.637423 -0.770514 -0.770514 -0.006309
21.325000 0.617963 -0.786208 -0.786208 -0.006338
21.350000 0.598116 -0.801409 -0.801409 -0.006365
21.375000 0.577896 -0.816110 -0.816110 -0.006363
21.400000 0.557315 -0.830301 -0.830301 -0.006389
21.425000 0.536386 -0.843973 -0.843973 -0.006412
21.450000 0.515121 -0.857118 -0.857118 -0.006433
21.475000 0.493534 -0.869726 -0.869726 -0.006454
21.500000 0.471639 -0.881792 -0.881792 -0.006477
21.525000 0.449449 -0.893306 -0.893306 -0.006469
21.550000 0.426978 -0.904262 -0.904262 -0.006487
21.575000 0.404241 -0.914653 -0.914653 -0.006531
21.600000 0.381250 -0.924472 -0.924472 -0.006548
21.625000 0.358022 -0.933713 -0.933713 -0.006537
21.650000 0.334570 -0.942371 -0.942371 -0.006552
21.675000 0.310908 -0.950440 -0.950440 -0.006593
21.700000 0.287053 -0.957915 -0.957915 -0.006603
21.725000 0.263018 -0.964791 -0.964791 -0.006612
21.750000 0.238818 -0.971064 -0.971064 -0.006651
21.775000 0.214469 -0.976731 -0.976731 -0.006658
21.800000 0.189987 -0.981787 -0.981787 -0.006665
21.825000 0.165385 -0.986229 -0.986229 -0.006702
21.850000 0.140680 -0.990055 -0.990055 -0.006703
21.875000 0.115888 -0.993262 -0.993262 -0.006739
21.900000 0.091022 -0.995849 -0.995849 -0.006742
21.925000 0.066100 -0.997813 -0.997813 -0.006741
21.950000 0.041137 -0.999154 -0.999154 -0.006802
21.975000 0.016148 -0.999870 -0.999870 -0.006799
22.000000 -0.008851 -0.999961 -0.999961 -0.006799
22.025000 -0.033845 -0.999427 -0.999427 -0.006827
22.050000 -0.058817 -0.998269 -0.998269 -0.006850
22.075000 -0.083753 -0.996487 -0.996487 -0.006876
22.100000 -0.108637 -0.994082 -0.994082 -0.006869
22.125000 -0.133452 -0.991055 -0.991055 -0.006893
22.150000 -0.158184 -0.987410 -0.987410 -0.006914
22.175000 -0.182817 -0.983147 -0.983147 -0.006933
22.200000 -0.207336 -0.978270 -0.978270 -0.006952
22.225000 -0.231726 -0.972781 -0.972781 -0.006969
22.250000 -0.255970 -0.966685 -0.966685 -0.006987
22.275000 -0.280055 -0.959984 -0.959984 -0.007003
22.300000 -0.303965 -0.952683 -0.952683 -0.007018
22.325000 -0.327684 -0.944787 -0.944787 -0.007033
22.350000 -0.351199 -0.936301 -0.936301 -0.007047
22.375000 -0.374494 -0.927229 -0.927229 -0.007057
22.400000 -0.397556 -0.917578 -0.917578 -0.007099
22.425000 -0.420369 -0.907353 -0.907353 -0.007107
22.450000 -0.442919 -0.896562 -0.896562 -0.007118
22.475000 -0.465192 -0.885210 -0.885210 -0.007128
22.500000 -0.487175 -0.873305 -0.873305 -0.007134
22.525000 -0.508853 -0.860854 -0.860854 -0.007169
22.550000 -0.530213 -0.847865 -0.847865 -0.007203
22.575000 -0.551241 -0.834346 -0.834346 -0.007206
22.600000 -0.571926 -0.820305 -0.820305 -0.007209
22.625000 -0.592252 -0.805752 -0.805752 -0.007245
22.650000 -0.612209 -0.790696 -0.790696 -0.007246
22.675000 -0.631783 -0.775145 -0.775145 -0.007242
22.700000 -0.650962 -0.759110 -0.759110 -0.007307
22.725000 -0.669735 -0.742600 -0.742600 -0.007302
22.750000 -0.688088 -0.725627 -0.725627 -0.007295
22.775000 -0.706012 -0.708200 -0.708200 -0.007359
22.800000 -0.723495 -0.690330 -0.690330 -0.007351
22.825000 -0.740525 -0.672029 -0.672029 -0.007342
22.850000 -0.757093 -0.653307 -0.653307 -0.007400
22.875000 -0.773187 -0.634178 -0.634178 -0.007422
22.900000 -0.788798 -0.614652 -0.614652 -0.007410
22.925000 -0.803917 -0.594742 -0.594742 -0.007434
22.950000 -0.818532 -0.574461 -0.574461 -0.007458
22.975000 -0.832637 -0.553820 -0.553820 -0.007444
23.000000 -0.846220 -0.532833 -0.532833 -0.007462
23.025000 -0.859275 -0.511513 -0.511513 -0.007511
23.050000 -0.871793 -0.489874 -0.489874 -0.007523
23.075000 -0.883767 -0.467928 -0.467928 -0.007539
23.100000 -0.895187 -0.445690 -0.445690 -0.007554
23.125000 -0.906049 -0.423173 -0.423173 -0.007568
23.150000 -0.916344 -0.400392 -0.400392 -0.007582
23.175000 -0.926066 -0.377361 -0.377361 -0.007595
23.200000 -0.935210 -0.354094 -0.354094 -0.007606
23.225000 -0.943769 -0.330605 -0.330605 -0.007614
23.250000 -0.951738 -0.306910 -0.306910 -0.007658
23.275000 -0.959113 -0.283023 -0.283023 -0.007663
23.300000 -0.965888 -0.258960 -0.258960 -0.007672
23.325000 -0.972060 -0.234734 -0.234734 -0.007681
23.350000 -0.977624 -0.210362 -0.210362 -0.007684
23.375000 -0.982577 -0.185858 -0.185858 -0.007720
23.400000 -0.986916 -0.161238 -0.161238 -0.007756
23.425000 -0.990638 -0.136517 -0.136517 -0.007757
23.450000 -0.993741 -0.111711 -0.111711 -0.007758
23.475000 -0.996223 -0.086835 -0.086835 -0.007792
23.500000 -0.998082 -0.061905 -0.061905 -0.007825
23.525000 -0.999318 -0.036936 -0.036936 -0.007823
23.550000 -0.999929 -0.011945 -0.011945 -0.007821
23.575000 -0.999915 0.013055 0.013055 -0.007856
23.600000 -0.999276 0.038046 0.038046 -0.007848
23.625000 -0.998013 0.063013 0.063013 -0.007878
23.650000 -0.996126 0.087941 0.087941 -0.007907
23.675000 -0.993616 0.112814 0.112814 -0.007896
23.700000 -0.990486 0.137617 0.137617 -0.007924
23.725000 -0.986736 0.162334 0.162334 -0.007947
23.750000 -0.982370 0.186949 0.186949 -0.007974
23.775000 -0.977389 0.211447 0.211447 -0.007960
23.800000 -0.971798 0.235813 0.235813 -0.007986
23.825000 -0.965600 0.260032 0.260032 -0.008006
23.850000 -0.958798 0.284088 0.284088 -0.008026
23.875000 -0.951397 0.307967 0.307967 -0.008049
23.900000 -0.943401 0.331653 0.331653 -0.008031
23.925000 -0.934816 0.355132 0.355132 -0.008049
23.950000 -0.925647 0.378389 0.378389 -0.008103
23.975000 -0.915899 0.401409 0.401409 -0.008119
24.000000 -0.905578 0.424179 0.424179 -0.008098
24.025000 -0.894692 0.446684 0.446684 -0.008117
24.050000 -0.883247 0.468909 0.468909 -0.008132
24.075000 -0.871249 0.490841 0.490841 -0.008140
24.100000 -0.858707 0.512467 0.512467 -0.008191
24.125000 -0.845628 0.533772 0.533772 -0.008203
24.150000 -0.832021 0.554744 0.554744 -0.008172
24.175000 -0.817894 0.575369 0.575369 -0.008225
24.200000 -0.803256 0.595634 0.595634 -0.008231
24.225000 -0.788115 0.615527 0.615527 -0.008236
24.250000 -0.772483 0.635036 0.635036 -0.008282
24.275000 -0.756367 0.654148 0.654148 -0.008286
24.300000 -0.739779 0.672850 0.672850 -0.008293
24.325000 -0.722728 0.691133 0.691133 -0.008300
24.350000 -0.705226 0.708983 0.708983 -0.008301
24.375000 -0.687282 0.726390 0.726390 -0.008340
24.400000 -0.668910 0.743344 0.743344 -0.008383
24.425000 -0.650119 0.759832 0.759832 -0.008339
24.450000 -0.630922 0.775846 0.775846 -0.008381
24.475000 -0.611331 0.791375 0.791375 -0.008422
24.500000 -0.591358 0.806409 0.806409 -0.008375
24.525000 -0.571015 0.820940 0.820940 -0.008416
24.550000 -0.550315 0.834957 0.834957 -0.008451
24.575000 -0.529271 0.848453 0.848453 -0.008440
24.600000 -0.507897 0.861418 0.861418 -0.008474
24.625000 -0.486205 0.873845 0.873845 -0.008507
24.650000 -0.464209 0.885726 0.885726 -0.008500
24.675000 -0.441923 0.897053 0.897053 -0.008492
24.700000 -0.419361 0.907820 0.907820 -0.008523
24.725000 -0.396537 0.918019 0.918019 -0.008554
24.750000 -0.373465 0.927644 0.927644 -0.008539
24.775000 -0.350159 0.936690 0.936690 -0.008568
24.800000 -0.326635 0.945151 0.945151 -0.008597
24.825000 -0.302907 0.953020 0.953020 -0.008579
24.850000 -0.278989 0.960294 0.960294 -0.008607
24.875000 -0.254897 0.966968 0.966968 -0.008629
24.900000 -0.230646 0.973038 0.973038 -0.008650
24.925000 -0.206250 0.978499 0.978499 -0.008676
24.950000 -0.181726 0.983247 0.983349 -0.008660
24.975000 -0.157088 0.987790 0.987585 -0.008649
