0.000000 0.000000 0.000000 0.000000 0.000000 0.007624 0.000001 0.004405 0.000002 0.000000 0.000000
0.025000 0.000469 0.000000 0.000691 0.000000 0.000747 0.000000 0.001272 0.000000 1.703429 0.000249
0.050000 0.001493 0.000000 0.002543 0.000000 0.002302 0.000001 0.004604 0.000001 2.000350 0.000396
0.075000 0.002676 0.000001 0.005179 0.000001 0.003594 0.000001 0.008740 0.000002 2.431936 0.000668
0.100000 0.003853 0.000001 0.008280 0.000002 0.004618 0.000002 0.013013 0.000004 2.817902 0.000991
0.125000 0.004976 0.000002 0.011625 0.000003 0.005465 0.000003 0.017071 0.000006 3.123536 0.001333
0.150000 0.006040 0.000002 0.015071 0.000004 0.006215 0.000004 0.020802 0.000009 3.347079 0.001669
0.175000 0.007051 0.000003 0.018538 0.000006 0.006918 0.000006 0.024219 0.000012 3.501155 0.001981
0.200000 0.008020 0.000004 0.021981 0.000008 0.007606 0.000007 0.027393 0.000015 3.601714 0.002251
0.225000 0.008955 0.000005 0.025382 0.000009 0.008300 0.000009 0.030402 0.000018 3.663288 0.002476
0.250000 0.009867 0.000006 0.028736 0.000011 0.009011 0.000010 0.033317 0.000022 3.697492 0.002652
0.275000 0.010760 0.000007 0.032047 0.000014 0.009748 0.000012 0.036192 0.000026 3.713078 0.002784
0.300000 0.011641 0.000008 0.035319 0.000016 0.010513 0.000013 0.039067 0.000030 3.716437 0.002884
0.325000 0.012513 0.000009 0.038560 0.000018 0.011309 0.000015 0.041972 0.000034 3.712021 0.002961
0.350000 0.013381 0.000010 0.041779 0.000021 0.012134 0.000017 0.044925 0.000038 3.702925 0.003021
0.375000 0.014248 0.000011 0.044981 0.000024 0.012989 0.000018 0.047938 0.000043 3.691254 0.003073
0.400000 0.015114 0.000013 0.048172 0.000026 0.013872 0.000020 0.051018 0.000048 3.678376 0.003126
0.425000 0.015982 0.000014 0.051359 0.000029 0.014782 0.000022 0.054169 0.000053 3.665168 0.003175
0.450000 0.016853 0.000015 0.054547 0.000032 0.015717 0.000024 0.057392 0.000058 3.652182 0.003227
0.475000 0.017729 0.000016 0.057738 0.000035 0.016677 0.000026 0.060687 0.000064 3.639740 0.003285
0.500000 0.018609 0.000018 0.060936 0.000039 0.017659 0.000028 0.064053 0.000070 3.627969 0.003343
0.525000 0.019495 0.000019 0.064144 0.000042 0.018663 0.000030 0.067489 0.000077 3.616967 0.003408
0.550000 0.020387 0.000020 0.067364 0.000046 0.019688 0.000032 0.070994 0.000084 3.606764 0.003481
0.575000 0.021285 0.000022 0.070598 0.000049 0.020733 0.000035 0.074565 0.000092 3.597291 0.003551
0.600000 0.022190 0.000023 0.073848 0.000053 0.021797 0.000037 0.078200 0.000099 3.588510 0.003631
0.625000 0.023101 0.000025 0.077115 0.000057 0.022880 0.000040 0.081897 0.000108 3.580397 0.003719
0.650000 0.024020 0.000026 0.080400 0.000061 0.023980 0.000043 0.085654 0.000116 3.572879 0.003806
0.675000 0.024946 0.000028 0.083704 0.000066 0.025097 0.000045 0.089470 0.000126 3.565897 0.003896
0.700000 0.025879 0.000030 0.087028 0.000070 0.026231 0.000048 0.093342 0.000135 3.559412 0.003990
0.725000 0.026820 0.000031 0.090372 0.000075 0.027382 0.000051 0.097269 0.000145 3.553387 0.004081
0.750000 0.027768 0.000033 0.093736 0.000080 0.028548 0.000054 0.101250 0.000155 3.547764 0.004177
0.775000 0.028723 0.000035 0.097122 0.000085 0.029729 0.000057 0.105281 0.000166 3.542481 0.004278
0.800000 0.029686 0.000037 0.100529 0.000090 0.030925 0.000060 0.109363 0.000176 3.537525 0.004373
0.825000 0.030656 0.000039 0.103957 0.000095 0.032136 0.000063 0.113494 0.000187 3.532884 0.004469
0.850000 0.031633 0.000040 0.107407 0.000101 0.033360 0.000067 0.117671 0.000199 3.528469 0.004576
0.875000 0.032618 0.000042 0.110879 0.000107 0.034599 0.000070 0.121894 0.000210 3.524292 0.004673
0.900000 0.033610 0.000044 0.114373 0.000112 0.035851 0.000073 0.126162 0.000222 3.520344 0.004779
0.925000 0.034610 0.000046 0.117888 0.000119 0.037116 0.000077 0.130473 0.000234 3.516553 0.004877
0.950000 0.035616 0.000048 0.121425 0.000125 0.038394 0.000080 0.134828 0.000245 3.512969 0.004957
0.975000 0.036630 0.000050 0.124984 0.000131 0.039685 0.000083 0.139225 0.000258 3.509550 0.005064
1.000000 0.037652 0.000053 0.128565 0.000137 0.040989 0.000087 0.143660 0.000270 3.506211 0.005142
1.025000 0.038680 0.000055 0.132167 0.000144 0.042304 0.000091 0.148136 0.000282 3.503055 0.005235
1.050000 0.039715 0.000057 0.135791 0.000151 0.043632 0.000094 0.152652 0.000295 3.500039 0.005329
1.075000 0.040758 0.000059 0.139436 0.000157 0.044972 0.000098 0.157203 0.000308 3.497043 0.005382
1.100000 0.041807 0.000061 0.143103 0.000164 0.046322 0.000101 0.161794 0.000321 3.494219 0.005464
1.125000 0.042863 0.000064 0.146790 0.000172 0.047685 0.000105 0.166420 0.000334 3.491494 0.005552
1.150000 0.043926 0.000066 0.150499 0.000179 0.049058 0.000108 0.171082 0.000347 3.488845 0.005607
1.175000 0.044996 0.000068 0.154229 0.000186 0.050442 0.000112 0.175778 0.000359 3.486313 0.005677
1.200000 0.046073 0.000071 0.157979 0.000193 0.051836 0.000116 0.180507 0.000372 3.483817 0.005757
1.225000 0.047156 0.000073 0.161750 0.000201 0.053241 0.000119 0.185272 0.000387 3.481462 0.005821
1.250000 0.048246 0.000075 0.165541 0.000209 0.054655 0.000123 0.190068 0.000399 3.479184 0.005875
1.275000 0.049342 0.000078 0.169352 0.000216 0.056079 0.000127 0.194894 0.000412 3.476935 0.005935
1.300000 0.050445 0.000080 0.173184 0.000224 0.057513 0.000131 0.199754 0.000427 3.474830 0.005998
1.325000 0.051554 0.000083 0.177035 0.000232 0.058956 0.000135 0.204643 0.000440 3.472740 0.006048
1.350000 0.052670 0.000085 0.180906 0.000240 0.060409 0.000139 0.209561 0.000454 3.470701 0.006108
1.375000 0.053791 0.000088 0.184797 0.000248 0.061870 0.000143 0.214512 0.000469 3.468805 0.006150
1.400000 0.054919 0.000090 0.188707 0.000256 0.063341 0.000147 0.219489 0.000483 3.466901 0.006202
1.425000 0.056054 0.000093 0.192635 0.000265 0.064820 0.000152 0.224493 0.000499 3.465055 0.006261
1.450000 0.057194 0.000096 0.196583 0.000273 0.066307 0.000156 0.229526 0.000514 3.463282 0.006297
1.475000 0.058340 0.000098 0.200550 0.000282 0.067804 0.000161 0.234587 0.000529 3.461538 0.006332
1.500000 0.059492 0.000101 0.204535 0.000290 0.069308 0.000166 0.239674 0.000545 3.459859 0.006381
1.525000 0.060650 0.000104 0.208539 0.000299 0.070820 0.000171 0.244787 0.000561 3.458245 0.006421
1.550000 0.061814 0.000106 0.212561 0.000308 0.072341 0.000177 0.249926 0.000578 3.456631 0.006456
1.575000 0.062984 0.000109 0.216601 0.000317 0.073869 0.000182 0.255089 0.000595 3.455066 0.006489
1.600000 0.064159 0.000112 0.220659 0.000326 0.075404 0.000187 0.260278 0.000612 3.453620 0.006524
1.625000 0.065340 0.000115 0.224735 0.000335 0.076947 0.000193 0.265491 0.000630 3.452152 0.006561
1.650000 0.066527 0.000118 0.228828 0.000345 0.078497 0.000198 0.270727 0.000648 3.450727 0.006582
1.675000 0.067719 0.000121 0.232939 0.000354 0.080055 0.000204 0.275987 0.000666 3.449347 0.006600
1.700000 0.068916 0.000124 0.237066 0.000364 0.081619 0.000209 0.281270 0.000685 3.447988 0.006629
1.725000 0.070119 0.000127 0.241211 0.000373 0.083190 0.000215 0.286574 0.000704 3.446692 0.006649
1.750000 0.071328 0.000130 0.245373 0.000383 0.084768 0.000220 0.291900 0.000723 3.445420 0.006662
1.775000 0.072541 0.000133 0.249551 0.000393 0.086352 0.000225 0.297250 0.000743 3.444214 0.006674
1.800000 0.073760 0.000136 0.253746 0.000403 0.087944 0.000230 0.302621 0.000761 3.442965 0.006695
1.825000 0.074984 0.000139 0.257957 0.000413 0.089543 0.000236 0.308012 0.000780 3.441765 0.006717
1.850000 0.076213 0.000143 0.262185 0.000423 0.091146 0.000240 0.313424 0.000798 3.440623 0.006723
1.875000 0.077448 0.000146 0.266428 0.000433 0.092757 0.000246 0.318855 0.000816 3.439479 0.006749
1.900000 0.078687 0.000149 0.270688 0.000444 0.094375 0.000251 0.324308 0.000834 3.438326 0.006764
1.925000 0.079931 0.000152 0.274963 0.000454 0.095998 0.000256 0.329782 0.000851 3.437243 0.006784
1.950000 0.081180 0.000155 0.279253 0.000465 0.097627 0.000261 0.335274 0.000870 3.436176 0.006806
1.975000 0.082434 0.000159 0.283559 0.000475 0.099264 0.000266 0.340786 0.000887 3.435100 0.006822
2.000000 0.083693 0.000162 0.287881 0.000486 0.100905 0.000270 0.346316 0.000903 3.434065 0.006845
2.025000 0.084957 0.000165 0.292217 0.000496 0.102552 0.000276 0.351865 0.000921 3.433056 0.006861
2.050000 0.086225 0.000169 0.296569 0.000507 0.104203 0.000280 0.357433 0.000939 3.432117 0.006891
2.075000 0.087498 0.000172 0.300935 0.000518 0.105861 0.000284 0.363018 0.000956 3.431170 0.006906
2.100000 0.088776 0.000175 0.305316 0.000529 0.107524 0.000289 0.368619 0.000973 3.430202 0.006925
2.125000 0.090059 0.000179 0.309712 0.000540 0.109193 0.000293 0.374239 0.000990 3.429284 0.006935
2.150000 0.091345 0.000182 0.314122 0.000550 0.110864 0.000296 0.379872 0.001006 3.428445 0.006955
2.175000 0.092637 0.000186 0.318546 0.000561 0.112540 0.000301 0.385521 0.001022 3.427610 0.006972
2.200000 0.093933 0.000189 0.322984 0.000572 0.114223 0.000304 0.391188 0.001037 3.426739 0.006978
2.225000 0.095233 0.000192 0.327436 0.000583 0.115910 0.000307 0.396864 0.001052 3.425854 0.007001
2.250000 0.096537 0.000196 0.331902 0.000594 0.117600 0.000310 0.402557 0.001067 3.425056 0.007011
2.275000 0.097846 0.000199 0.336382 0.000605 0.119295 0.000314 0.408265 0.001081 3.424268 0.007019
2.300000 0.099159 0.000202 0.340875 0.000616 0.120995 0.000317 0.413986 0.001095 3.423478 0.007047
2.325000 0.100476 0.000206 0.345382 0.000627 0.122700 0.000320 0.419721 0.001110 3.422656 0.007051
2.350000 0.101798 0.000209 0.349901 0.000638 0.124405 0.000323 0.425467 0.001124 3.421961 0.007060
2.375000 0.103123 0.000213 0.354434 0.000649 0.126115 0.000326 0.431228 0.001139 3.421266 0.007091
2.400000 0.104453 0.000216 0.358980 0.000660 0.127837 0.000329 0.437013 0.001154 3.420454 0.007099
