0.000000 0.000000 0.000000 0.000000 0.000000 0.006219 0.000003 0.003856 0.000003 0.000000 0.000000
0.025000 0.000215 0.000000 0.000704 0.000000 0.000274 0.000000 0.001312 0.000001 4.784956 0.002408
0.050000 0.000549 0.000000 0.002625 0.000001 0.000693 0.000001 0.004827 0.000002 6.961356 0.004243
0.075000 0.000885 0.000001 0.005417 0.000003 0.000983 0.000001 0.009333 0.000006 9.493945 0.007884
0.100000 0.001197 0.000001 0.008735 0.000005 0.001177 0.000002 0.013876 0.000013 11.786110 0.012216
0.125000 0.001469 0.000001 0.012257 0.000009 0.001232 0.000002 0.017586 0.000021 14.270873 0.016665
0.150000 0.001692 0.000002 0.015719 0.000014 0.001228 0.000003 0.020396 0.000029 16.616283 0.019565
0.175000 0.001890 0.000002 0.019082 0.000019 0.001431 0.000003 0.023728 0.000039 16.579370 0.017352
0.200000 0.002110 0.000003 0.022541 0.000025 0.001891 0.000004 0.028304 0.000052 14.970532 0.014657
0.225000 0.002361 0.000003 0.026154 0.000032 0.002336 0.000006 0.032926 0.000067 14.094267 0.013903
0.250000 0.002626 0.000004 0.029842 0.000039 0.002696 0.000007 0.037170 0.000081 13.787813 0.013491
0.275000 0.002900 0.000005 0.033588 0.000047 0.003061 0.000008 0.041578 0.000093 13.585789 0.013623
0.300000 0.003183 0.000005 0.037408 0.000056 0.003455 0.000010 0.046361 0.000104 13.420130 0.014273
0.325000 0.003476 0.000006 0.041322 0.000064 0.003883 0.000011 0.051591 0.000113 13.286278 0.015459
0.350000 0.003781 0.000007 0.045351 0.000072 0.004349 0.000012 0.057311 0.000121 13.180364 0.016988
0.375000 0.004098 0.000008 0.049515 0.000080 0.004853 0.000014 0.063559 0.000129 13.097266 0.018657
0.400000 0.004428 0.000009 0.053831 0.000088 0.005399 0.000015 0.070361 0.000140 13.032903 0.020287
0.425000 0.004773 0.000010 0.058316 0.000096 0.005989 0.000016 0.077748 0.000153 12.983974 0.021787
0.450000 0.005133 0.000011 0.062983 0.000104 0.006623 0.000017 0.085748 0.000171 12.947956 0.023108
0.475000 0.005509 0.000012 0.067848 0.000112 0.007305 0.000018 0.094392 0.000194 12.923167 0.024181
0.500000 0.005902 0.000012 0.072924 0.000120 0.008035 0.000019 0.103713 0.000219 12.908353 0.025235
0.525000 0.006313 0.000013 0.078223 0.000129 0.008816 0.000020 0.113739 0.000248 12.902432 0.026234
0.550000 0.006742 0.000014 0.083760 0.000138 0.009649 0.000020 0.124505 0.000279 12.904430 0.027200
0.575000 0.007190 0.000015 0.089546 0.000148 0.010536 0.000021 0.136038 0.000313 12.913526 0.028185
0.600000 0.007658 0.000016 0.095594 0.000159 0.011477 0.000021 0.148371 0.000349 12.929396 0.029157
0.625000 0.008147 0.000017 0.101914 0.000171 0.012474 0.000021 0.161530 0.000386 12.950807 0.030191
0.650000 0.008656 0.000018 0.108520 0.000183 0.013528 0.000022 0.175543 0.000426 12.977580 0.030987
0.675000 0.009188 0.000018 0.115421 0.000197 0.014640 0.000022 0.190436 0.000466 13.009240 0.031818
0.700000 0.009741 0.000019 0.122630 0.000212 0.015810 0.000023 0.206233 0.000506 13.045520 0.032612
0.725000 0.010317 0.000020 0.130156 0.000227 0.017040 0.000024 0.222947 0.000547 13.085247 0.033177
0.750000 0.010916 0.000021 0.138009 0.000244 0.018328 0.000025 0.240602 0.000588 13.128724 0.033838
0.775000 0.011539 0.000021 0.146199 0.000262 0.019676 0.000027 0.259209 0.000631 13.175254 0.034531
0.800000 0.012186 0.000022 0.154735 0.000280 0.021084 0.000030 0.278779 0.000672 13.223968 0.035166
0.825000 0.012857 0.000023 0.163625 0.000300 0.022550 0.000033 0.299319 0.000715 13.274939 0.035712
0.850000 0.013553 0.000024 0.172878 0.000320 0.024076 0.000037 0.320828 0.000759 13.327143 0.036253
0.875000 0.014273 0.000024 0.182500 0.000341 0.025661 0.000041 0.343322 0.000802 13.381089 0.036613
0.900000 0.015019 0.000025 0.192498 0.000363 0.027302 0.000045 0.366783 0.000847 13.435884 0.036803
0.925000 0.015790 0.000026 0.202879 0.000385 0.029002 0.000049 0.391212 0.000893 13.490832 0.036798
0.950000 0.016587 0.000027 0.213646 0.000408 0.030759 0.000053 0.416599 0.000935 13.545968 0.036273
0.975000 0.017409 0.000028 0.224806 0.000431 0.032571 0.000056 0.442941 0.000978 13.601332 0.035622
1.000000 0.018257 0.000029 0.236363 0.000455 0.034437 0.000059 0.470215 0.001022 13.656329 0.034539
1.025000 0.019131 0.000030 0.248318 0.000480 0.036358 0.000062 0.498408 0.001060 13.710498 0.033189
1.050000 0.020031 0.000031 0.260676 0.000504 0.038331 0.000064 0.527501 0.001100 13.763864 0.031516
1.075000 0.020956 0.000032 0.273438 0.000529 0.040356 0.000066 0.557489 0.001138 13.816430 0.029402
1.100000 0.021908 0.000034 0.286606 0.000554 0.042432 0.000069 0.588347 0.001177 13.867683 0.027462
1.125000 0.022885 0.000035 0.300181 0.000579 0.044559 0.000072 0.620043 0.001211 13.917390 0.025189
1.150000 0.023888 0.000036 0.314164 0.000604 0.046736 0.000075 0.652587 0.001244 13.965379 0.022937
1.175000 0.024917 0.000037 0.328554 0.000629 0.048962 0.000080 0.685929 0.001279 14.011717 0.021095
1.200000 0.025971 0.000039 0.343352 0.000653 0.051235 0.000086 0.720050 0.001310 14.056048 0.019596
1.225000 0.027052 0.000040 0.358556 0.000677 0.053556 0.000093 0.754948 0.001343 14.098591 0.018723
1.250000 0.028157 0.000041 0.374166 0.000700 0.055925 0.000101 0.790573 0.001381 14.138525 0.018789
1.275000 0.029289 0.000043 0.390179 0.000722 0.058341 0.000110 0.826933 0.001422 14.176132 0.020089
1.300000 0.030445 0.000045 0.406594 0.000743 0.060806 0.000120 0.864011 0.001482 14.211525 0.022368
1.325000 0.031627 0.000046 0.423409 0.000763 0.063316 0.000131 0.901789 0.001570 14.244815 0.025426
1.350000 0.032835 0.000048 0.440623 0.000782 0.065872 0.000142 0.940246 0.001683 14.275995 0.028935
1.375000 0.034067 0.000050 0.458232 0.000800 0.068475 0.000155 0.979335 0.001838 14.304097 0.033117
1.400000 0.035325 0.000052 0.476235 0.000817 0.071126 0.000169 1.019134 0.002029 14.330620 0.037712
1.425000 0.036607 0.000054 0.494629 0.000834 0.073823 0.000181 1.059564 0.002257 14.354920 0.042041
1.450000 0.037915 0.000057 0.513411 0.000851 0.076562 0.000195 1.100582 0.002525 14.377086 0.046442
1.475000 0.039247 0.000060 0.532579 0.000869 0.079349 0.000210 1.142219 0.002836 14.397071 0.051158
1.500000 0.040605 0.000062 0.552130 0.000888 0.082181 0.000223 1.184458 0.003171 14.414897 0.055542
1.525000 0.041987 0.000065 0.572060 0.000909 0.085057 0.000236 1.227284 0.003547 14.431084 0.059811
1.550000 0.043393 0.000069 0.592367 0.000933 0.087979 0.000247 1.270636 0.003928 14.444765 0.063592
1.575000 0.044825 0.000072 0.613047 0.000961 0.090949 0.000258 1.314499 0.004314 14.455346 0.066899
1.600000 0.046280 0.000075 0.634096 0.000993 0.093960 0.000267 1.358867 0.004723 14.464500 0.070067
1.625000 0.047761 0.000079 0.655510 0.001030 0.097016 0.000274 1.403718 0.005127 14.471270 0.072722
1.650000 0.049266 0.000083 0.677286 0.001072 0.100121 0.000278 1.449032 0.005523 14.475196 0.074721
1.675000 0.050795 0.000086 0.699419 0.001120 0.103269 0.000279 1.494791 0.005894 14.477101 0.076264
1.700000 0.052348 0.000090 0.721905 0.001174 0.106464 0.000279 1.540989 0.006245 14.476616 0.077357
1.725000 0.053926 0.000094 0.744741 0.001233 0.109704 0.000272 1.587534 0.006558 14.473256 0.077654
1.750000 0.055528 0.000097 0.767919 0.001297 0.112990 0.000263 1.634507 0.006808 14.468071 0.077022
1.775000 0.057154 0.000100 0.791440 0.001365 0.116323 0.000251 1.681945 0.007033 14.461430 0.076178
1.800000 0.058805 0.000103 0.815297 0.001437 0.119704 0.000235 1.729692 0.007207 14.451780 0.074797
1.825000 0.060479 0.000106 0.839486 0.001512 0.123132 0.000213 1.777855 0.007306 14.440561 0.072226
1.850000 0.062178 0.000108 0.864004 0.001590 0.126611 0.000189 1.826569 0.007348 14.428529 0.069484
1.875000 0.063901 0.000110 0.888851 0.001669 0.130139 0.000164 1.875695 0.007329 14.414939 0.066422
1.900000 0.065649 0.000112 0.914022 0.001749 0.133715 0.000135 1.925285 0.007266 14.400330 0.062996
1.925000 0.067420 0.000113 0.939516 0.001830 0.137340 0.000108 1.975428 0.007115 14.385474 0.059299
1.950000 0.069216 0.000114 0.965332 0.001909 0.141020 0.000083 2.026148 0.006934 14.369769 0.055533
1.975000 0.071036 0.000114 0.991468 0.001988 0.144751 0.000071 2.077446 0.006707 14.353957 0.052275
2.000000 0.072881 0.000115 1.017925 0.002065 0.148529 0.000080 2.129416 0.006445 14.338920 0.048926
2.025000 0.074749 0.000115 1.044704 0.002140 0.152367 0.000110 2.182048 0.006184 14.323265 0.046144
2.050000 0.076643 0.000115 1.071803 0.002212 0.156251 0.000149 2.235282 0.005920 14.308154 0.043959
2.075000 0.078560 0.000114 1.099223 0.002280 0.160189 0.000193 2.289316 0.005685 14.293940 0.042396
2.100000 0.080503 0.000114 1.126967 0.002344 0.164186 0.000240 2.343967 0.005543 14.278974 0.042258
2.125000 0.082470 0.000114 1.155033 0.002403 0.168228 0.000285 2.399356 0.005513 14.265353 0.042354
2.150000 0.084461 0.000113 1.183423 0.002457 0.172333 0.000326 2.455480 0.005655 14.251394 0.043237
2.175000 0.086477 0.000113 1.212137 0.002506 0.176488 0.000368 2.512271 0.005982 14.237847 0.045435
2.200000 0.088518 0.000113 1.241176 0.002549 0.180689 0.000401 2.569675 0.006463 14.224726 0.047415
2.225000 0.090584 0.000113 1.270539 0.002587 0.184956 0.000425 2.627742 0.007180 14.210719 0.049586
2.250000 0.092675 0.000114 1.300227 0.002621 0.189275 0.000446 2.686542 0.008037 14.197294 0.052181
2.275000 0.094790 0.000115 1.330239 0.002650 0.193639 0.000457 2.745765 0.008992 14.183354 0.054748
2.300000 0.096930 0.000116 1.360573 0.002675 0.198061 0.000465 2.805687 0.010042 14.169482 0.057373
2.325000 0.099096 0.000118 1.391232 0.002698 0.202538 0.000464 2.866123 0.011169 14.154857 0.059407
2.350000 0.101286 0.000120 1.422210 0.002720 0.207045 0.000458 2.927029 0.012440 14.141085 0.062302
2.375000 0.103501 0.000122 1.453509 0.002741 0.211599 0.000443 2.988531 0.013631 14.127604 0.064257
2.400000 0.105741 0.000125 1.485126 0.002765 0.216210 0.000423 3.050563 0.014774 14.113392 0.065292
