0.000000 0.000000 0.000000 0.000000 0.000000 0.006651 0.000000 0.003069 0.000001 0.000000 0.000000
0.025000 0.000238 0.000000 0.000708 0.000000 0.000310 0.000000 0.001339 0.000000 4.314566 0.000275
0.050000 0.000621 0.000000 0.002678 0.000000 0.000802 0.000000 0.005036 0.000001 6.276540 0.000497
0.075000 0.001015 0.000000 0.005661 0.000001 0.001173 0.000000 0.010212 0.000002 8.709320 0.000765
0.100000 0.001398 0.000000 0.009408 0.000001 0.001502 0.000000 0.016212 0.000004 10.797475 0.000940
0.125000 0.001765 0.000000 0.013700 0.000003 0.001794 0.000000 0.022509 0.000006 12.543532 0.001130
0.150000 0.002116 0.000000 0.018359 0.000004 0.002063 0.000001 0.028754 0.000009 13.937240 0.001518
0.175000 0.002453 0.000000 0.023246 0.000006 0.002318 0.000001 0.034762 0.000014 14.998978 0.002156
0.200000 0.002779 0.000001 0.028263 0.000008 0.002566 0.000001 0.040458 0.000018 15.769916 0.002997
0.225000 0.003095 0.000001 0.033342 0.000010 0.002813 0.000001 0.045847 0.000024 16.300286 0.003957
0.250000 0.003405 0.000001 0.038439 0.000013 0.003063 0.000002 0.050971 0.000030 16.640696 0.004987
0.275000 0.003709 0.000001 0.043530 0.000016 0.003320 0.000002 0.055892 0.000036 16.836936 0.006026
0.300000 0.004009 0.000001 0.048598 0.000019 0.003584 0.000002 0.060672 0.000043 16.927757 0.007035
0.325000 0.004306 0.000001 0.053641 0.000023 0.003858 0.000003 0.065371 0.000050 16.944334 0.008001
0.350000 0.004603 0.000002 0.058656 0.000027 0.004142 0.000003 0.070039 0.000058 16.910661 0.008893
0.375000 0.004898 0.000002 0.063647 0.000031 0.004436 0.000004 0.074717 0.000066 16.844802 0.009734
0.400000 0.005194 0.000002 0.068620 0.000036 0.004740 0.000005 0.079437 0.000075 16.759867 0.010502
0.425000 0.005491 0.000002 0.073579 0.000041 0.005054 0.000005 0.084221 0.000084 16.665198 0.011195
0.450000 0.005789 0.000003 0.078530 0.000045 0.005378 0.000006 0.089087 0.000093 16.567271 0.011856
0.475000 0.006089 0.000003 0.083479 0.000051 0.005711 0.000006 0.094045 0.000103 16.470221 0.012447
0.500000 0.006390 0.000003 0.088431 0.000056 0.006052 0.000007 0.099103 0.000114 16.376799 0.012994
0.525000 0.006694 0.000004 0.093391 0.000062 0.006402 0.000008 0.104264 0.000125 16.288697 0.013482
0.550000 0.007000 0.000004 0.098362 0.000068 0.006759 0.000009 0.109529 0.000136 16.206719 0.013931
0.575000 0.007309 0.000004 0.103349 0.000074 0.007124 0.000009 0.114898 0.000149 16.131221 0.014384
0.600000 0.007620 0.000005 0.108355 0.000081 0.007495 0.000010 0.120368 0.000162 16.062145 0.014771
0.625000 0.007933 0.000005 0.113381 0.000087 0.007873 0.000011 0.125937 0.000175 15.999309 0.015107
0.650000 0.008249 0.000006 0.118430 0.000094 0.008257 0.000012 0.131601 0.000190 15.942302 0.015435
0.675000 0.008568 0.000006 0.123504 0.000101 0.008646 0.000013 0.137357 0.000204 15.890683 0.015751
0.700000 0.008890 0.000007 0.128605 0.000109 0.009040 0.000013 0.143199 0.000220 15.844167 0.016026
0.725000 0.009214 0.000007 0.133733 0.000117 0.009439 0.000014 0.149125 0.000236 15.802210 0.016281
0.750000 0.009541 0.000007 0.138890 0.000125 0.009843 0.000015 0.155131 0.000252 15.764404 0.016491
0.775000 0.009870 0.000008 0.144076 0.000133 0.010251 0.000016 0.161211 0.000269 15.730193 0.016679
0.800000 0.010202 0.000008 0.149291 0.000142 0.010663 0.000017 0.167364 0.000287 15.699599 0.016900
0.825000 0.010537 0.000009 0.154536 0.000151 0.011079 0.000018 0.173586 0.000305 15.671953 0.017038
0.850000 0.010874 0.000009 0.159811 0.000160 0.011499 0.000019 0.179870 0.000324 15.646819 0.017215
0.875000 0.011213 0.000010 0.165117 0.000169 0.011922 0.000020 0.186217 0.000343 15.624324 0.017389
0.900000 0.011555 0.000010 0.170452 0.000179 0.012348 0.000021 0.192621 0.000362 15.603792 0.017520
0.925000 0.011899 0.000011 0.175818 0.000189 0.012777 0.000022 0.199081 0.000382 15.585339 0.017719
0.950000 0.012245 0.000011 0.181213 0.000199 0.013210 0.000023 0.205594 0.000403 15.568423 0.017864
0.975000 0.012594 0.000012 0.186638 0.000209 0.013645 0.000024 0.212154 0.000423 15.552804 0.018064
1.000000 0.012945 0.000013 0.192093 0.000220 0.014083 0.000025 0.218763 0.000444 15.538826 0.018212
1.025000 0.013298 0.000013 0.197576 0.000230 0.014523 0.000026 0.225414 0.000466 15.525767 0.018458
1.050000 0.013654 0.000014 0.203088 0.000242 0.014966 0.000027 0.232109 0.000488 15.513770 0.018825
1.075000 0.014011 0.000014 0.208629 0.000253 0.015411 0.000028 0.238846 0.000511 15.502684 0.019050
1.100000 0.014370 0.000015 0.214197 0.000265 0.015859 0.000029 0.245617 0.000533 15.492052 0.019296
1.125000 0.014732 0.000015 0.219793 0.000276 0.016309 0.000031 0.252428 0.000557 15.482642 0.019593
1.150000 0.015095 0.000016 0.225416 0.000288 0.016761 0.000032 0.259275 0.000580 15.473911 0.019925
1.175000 0.015461 0.000017 0.231066 0.000301 0.017215 0.000033 0.266155 0.000604 15.465532 0.020242
1.200000 0.015828 0.000017 0.236742 0.000313 0.017671 0.000034 0.273066 0.000629 15.457748 0.020490
1.225000 0.016197 0.000018 0.242444 0.000326 0.018129 0.000036 0.280006 0.000653 15.450447 0.020837
1.250000 0.016568 0.000019 0.248171 0.000339 0.018588 0.000037 0.286976 0.000679 15.443570 0.021187
1.275000 0.016940 0.000019 0.253922 0.000352 0.019050 0.000039 0.293976 0.000705 15.437262 0.021427
1.300000 0.017315 0.000020 0.259699 0.000366 0.019513 0.000040 0.301001 0.000729 15.431301 0.021589
1.325000 0.017691 0.000021 0.265499 0.000379 0.019977 0.000041 0.308053 0.000755 15.425726 0.021804
1.350000 0.018069 0.000021 0.271323 0.000393 0.020443 0.000043 0.315129 0.000782 15.420432 0.022102
1.375000 0.018448 0.000022 0.277171 0.000407 0.020910 0.000044 0.322224 0.000810 15.415329 0.022277
1.400000 0.018829 0.000023 0.283041 0.000421 0.021379 0.000046 0.329346 0.000837 15.410765 0.022414
1.425000 0.019212 0.000023 0.288933 0.000435 0.021849 0.000047 0.336487 0.000865 15.406421 0.022643
1.450000 0.019596 0.000024 0.294847 0.000450 0.022320 0.000049 0.343644 0.000894 15.402109 0.022765
1.475000 0.019981 0.000025 0.300782 0.000465 0.022792 0.000051 0.350824 0.000925 15.398230 0.022982
1.500000 0.020368 0.000026 0.306739 0.000480 0.023265 0.000052 0.358025 0.000955 15.394668 0.023188
1.525000 0.020757 0.000026 0.312716 0.000495 0.023740 0.000054 0.365234 0.000985 15.391036 0.023282
1.550000 0.021147 0.000027 0.318714 0.000510 0.024215 0.000056 0.372461 0.001018 15.387690 0.023483
1.575000 0.021538 0.000028 0.324731 0.000526 0.024691 0.000057 0.379709 0.001053 15.384769 0.023644
1.600000 0.021930 0.000029 0.330768 0.000542 0.025168 0.000059 0.386963 0.001085 15.381795 0.023854
1.625000 0.022324 0.000029 0.336824 0.000558 0.025645 0.000061 0.394225 0.001119 15.378844 0.024062
1.650000 0.022719 0.000030 0.342898 0.000574 0.026124 0.000063 0.401516 0.001156 15.376680 0.024203
1.675000 0.023116 0.000031 0.348991 0.000591 0.026602 0.000065 0.408808 0.001191 15.374314 0.024390
1.700000 0.023514 0.000032 0.355101 0.000607 0.027081 0.000067 0.416104 0.001227 15.371910 0.024499
1.725000 0.023912 0.000033 0.361229 0.000624 0.027561 0.000069 0.423421 0.001266 15.370027 0.024582
1.750000 0.024312 0.000034 0.367374 0.000641 0.028042 0.000071 0.430744 0.001306 15.368162 0.024718
1.775000 0.024714 0.000035 0.373536 0.000659 0.028522 0.000073 0.438076 0.001346 15.366455 0.024886
1.800000 0.025116 0.000035 0.379714 0.000676 0.029003 0.000075 0.445414 0.001384 15.364791 0.024930
1.825000 0.025519 0.000036 0.385908 0.000694 0.029485 0.000078 0.452756 0.001426 15.363088 0.024984
1.850000 0.025924 0.000037 0.392118 0.000712 0.029967 0.000080 0.460104 0.001469 15.361470 0.025163
1.875000 0.026329 0.000038 0.398343 0.000730 0.030449 0.000082 0.467464 0.001513 15.360038 0.025193
1.900000 0.026736 0.000039 0.404584 0.000749 0.030932 0.000085 0.474821 0.001556 15.358370 0.025097
1.925000 0.027143 0.000040 0.410839 0.000767 0.031415 0.000087 0.482190 0.001602 15.356917 0.025211
1.950000 0.027552 0.000041 0.417108 0.000786 0.031899 0.000090 0.489570 0.001648 15.355701 0.025284
1.975000 0.027961 0.000042 0.423392 0.000806 0.032383 0.000092 0.496948 0.001695 15.354341 0.025149
2.000000 0.028371 0.000043 0.429689 0.000825 0.032867 0.000095 0.504327 0.001744 15.352887 0.025153
2.025000 0.028783 0.000044 0.436000 0.000845 0.033351 0.000097 0.511731 0.001794 15.351987 0.025154
2.050000 0.029195 0.000045 0.442324 0.000865 0.033836 0.000100 0.519128 0.001841 15.350778 0.025085
2.075000 0.029608 0.000046 0.448661 0.000885 0.034321 0.000102 0.526521 0.001889 15.349377 0.025092
2.100000 0.030022 0.000047 0.455011 0.000906 0.034807 0.000105 0.533934 0.001943 15.348360 0.025115
2.125000 0.030437 0.000048 0.461374 0.000926 0.035293 0.000107 0.541344 0.001991 15.347105 0.024947
2.150000 0.030852 0.000049 0.467749 0.000947 0.035779 0.000109 0.548760 0.002042 15.346119 0.024952
2.175000 0.031269 0.000050 0.474136 0.000969 0.036266 0.000112 0.556180 0.002092 15.345030 0.025065
2.200000 0.031686 0.000051 0.480534 0.000990 0.036752 0.000114 0.563604 0.002143 15.343930 0.024857
2.225000 0.032104 0.000053 0.486945 0.001012 0.037239 0.000116 0.571033 0.002196 15.342938 0.024838
2.250000 0.032523 0.000054 0.493367 0.001034 0.037726 0.000118 0.578464 0.002243 15.342009 0.024752
2.275000 0.032942 0.000055 0.499799 0.001056 0.038214 0.000121 0.585895 0.002290 15.340963 0.024580
2.300000 0.033363 0.000056 0.506243 0.001079 0.038701 0.000123 0.593331 0.002339 15.340028 0.024517
2.325000 0.033784 0.000057 0.512698 0.001101 0.039189 0.000125 0.600771 0.002387 15.339364 0.024332
2.350000 0.034205 0.000058 0.519163 0.001124 0.039676 0.000128 0.608214 0.002433 15.338556 0.024186
2.375000 0.034628 0.000059 0.525639 0.001147 0.040163 0.000130 0.615650 0.002478 15.337776 0.023991
2.400000 0.035051 0.000061 0.532124 0.001170 0.040651 0.000132 0.623098 0.002523 15.337125 0.023787
