0.000000 0.000000 0.000000 0.000000 0.000000 0.002196 0.000001 0.000416 0.000001 0.000000 0.000000
0.010000 0.000052 0.000000 0.000117 0.000000 0.000082 0.000000 0.000230 0.000000 2.792613 0.001278
0.020000 0.000165 0.000000 0.000461 0.000000 0.000258 0.000000 0.000902 0.000000 3.495109 0.001704
0.030000 0.000302 0.000000 0.001013 0.000000 0.000431 0.000000 0.001951 0.000001 4.528662 0.002342
0.040000 0.000449 0.000000 0.001754 0.000001 0.000598 0.000000 0.003315 0.000001 5.539298 0.003072
0.050000 0.000600 0.000000 0.002663 0.000001 0.000758 0.000001 0.004927 0.000002 6.500451 0.003977
0.060000 0.000751 0.000000 0.003718 0.000002 0.000909 0.000001 0.006724 0.000004 7.401431 0.005116
0.070000 0.000902 0.000001 0.004898 0.000002 0.001050 0.000001 0.008650 0.000006 8.235790 0.006421
0.080000 0.001051 0.000001 0.006183 0.000003 0.001184 0.000001 0.010659 0.000008 8.999582 0.007790
0.090000 0.001198 0.000001 0.007557 0.000004 0.001312 0.000002 0.012711 0.000010 9.691062 0.009265
0.100000 0.001342 0.000001 0.009003 0.000006 0.001433 0.000002 0.014779 0.000013 10.310905 0.010751
0.110000 0.001485 0.000001 0.010509 0.000007 0.001550 0.000002 0.016840 0.000017 10.861454 0.012178
0.120000 0.001624 0.000001 0.012061 0.000009 0.001664 0.000003 0.018879 0.000021 11.346044 0.013469
0.130000 0.001762 0.000002 0.013652 0.000010 0.001775 0.000003 0.020888 0.000025 11.769012 0.014609
0.140000 0.001898 0.000002 0.015273 0.000012 0.001884 0.000003 0.022861 0.000030 12.135424 0.015683
0.150000 0.002031 0.000002 0.016916 0.000015 0.001992 0.000004 0.024795 0.000034 12.450305 0.016580
0.160000 0.002163 0.000002 0.018577 0.000017 0.002099 0.000004 0.026692 0.000039 12.718770 0.017308
0.170000 0.002294 0.000003 0.020251 0.000020 0.002206 0.000004 0.028553 0.000044 12.945920 0.017892
0.180000 0.002423 0.000003 0.021935 0.000022 0.002313 0.000005 0.030381 0.000049 13.136364 0.018341
0.190000 0.002551 0.000003 0.023626 0.000025 0.002421 0.000005 0.032181 0.000055 13.294555 0.018629
0.200000 0.002678 0.000003 0.025322 0.000028 0.002530 0.000005 0.033955 0.000060 13.424490 0.018844
0.210000 0.002804 0.000004 0.027021 0.000031 0.002639 0.000006 0.035709 0.000065 13.529999 0.018951
0.220000 0.002929 0.000004 0.028722 0.000034 0.002751 0.000006 0.037446 0.000070 13.614237 0.018958
0.230000 0.003054 0.000004 0.030425 0.000037 0.002864 0.000007 0.039170 0.000074 13.680180 0.018869
0.240000 0.003178 0.000004 0.032128 0.000040 0.002978 0.000007 0.040886 0.000079 13.730595 0.018813
0.250000 0.003302 0.000005 0.033832 0.000044 0.003094 0.000007 0.042595 0.000084 13.767727 0.018647
0.260000 0.003426 0.000005 0.035536 0.000047 0.003212 0.000008 0.044303 0.000088 13.793541 0.018501
0.270000 0.003549 0.000005 0.037240 0.000051 0.003332 0.000008 0.046010 0.000093 13.809878 0.018401
0.280000 0.003672 0.000006 0.038944 0.000054 0.003454 0.000009 0.047720 0.000097 13.818353 0.018171
0.290000 0.003796 0.000006 0.040649 0.000057 0.003578 0.000009 0.049434 0.000102 13.819991 0.018096
0.300000 0.003919 0.000006 0.042354 0.000061 0.003703 0.000010 0.051156 0.000106 13.816246 0.017999
0.310000 0.004043 0.000006 0.044059 0.000064 0.003831 0.000010 0.052885 0.000110 13.807874 0.017918
0.320000 0.004166 0.000007 0.045766 0.000068 0.003960 0.000011 0.054624 0.000114 13.795927 0.017902
0.330000 0.004290 0.000007 0.047473 0.000072 0.004091 0.000011 0.056374 0.000118 13.781328 0.018043
0.340000 0.004414 0.000007 0.049182 0.000075 0.004224 0.000012 0.058135 0.000122 13.763936 0.018276
0.350000 0.004539 0.000008 0.050893 0.000079 0.004359 0.000012 0.059908 0.000126 13.744763 0.018371
0.360000 0.004663 0.000008 0.052606 0.000082 0.004496 0.000013 0.061696 0.000130 13.724575 0.018623
0.370000 0.004788 0.000008 0.054321 0.000086 0.004635 0.000013 0.063496 0.000133 13.703245 0.019127
0.380000 0.004914 0.000009 0.056038 0.000089 0.004775 0.000014 0.065310 0.000137 13.680968 0.019527
0.390000 0.005040 0.000009 0.057758 0.000093 0.004917 0.000014 0.067138 0.000140 13.658267 0.019985
0.400000 0.005166 0.000009 0.059481 0.000096 0.005060 0.000015 0.068982 0.000144 13.635514 0.020536
0.410000 0.005293 0.000010 0.061207 0.000100 0.005205 0.000016 0.070841 0.000148 13.612913 0.021200
0.420000 0.005420 0.000010 0.062937 0.000104 0.005352 0.000016 0.072714 0.000151 13.590053 0.021946
0.430000 0.005548 0.000010 0.064670 0.000107 0.005500 0.000017 0.074602 0.000156 13.567374 0.022386
0.440000 0.005676 0.000011 0.066407 0.000111 0.005650 0.000017 0.076504 0.000159 13.544677 0.023313
0.450000 0.005804 0.000011 0.068147 0.000114 0.005801 0.000018 0.078422 0.000163 13.522925 0.024250
0.460000 0.005934 0.000011 0.069892 0.000118 0.005953 0.000019 0.080356 0.000167 13.501409 0.025009
0.470000 0.006063 0.000012 0.071641 0.000121 0.006107 0.000019 0.082303 0.000170 13.479894 0.025916
0.480000 0.006194 0.000012 0.073394 0.000125 0.006262 0.000020 0.084265 0.000174 13.459350 0.026696
0.490000 0.006324 0.000013 0.075152 0.000128 0.006419 0.000021 0.086241 0.000178 13.438950 0.027750
0.500000 0.006456 0.000013 0.076914 0.000132 0.006577 0.000022 0.088231 0.000183 13.419274 0.028985
0.510000 0.006587 0.000013 0.078681 0.000136 0.006736 0.000023 0.090236 0.000187 13.400158 0.029936
0.520000 0.006720 0.000014 0.080453 0.000139 0.006896 0.000023 0.092255 0.000190 13.381513 0.030797
0.530000 0.006853 0.000014 0.082230 0.000143 0.007058 0.000024 0.094289 0.000195 13.363184 0.031763
0.540000 0.006986 0.000015 0.084011 0.000146 0.007221 0.000025 0.096335 0.000200 13.345764 0.032919
0.550000 0.007120 0.000015 0.085798 0.000150 0.007384 0.000026 0.098394 0.000204 13.328877 0.034375
0.560000 0.007255 0.000015 0.087589 0.000153 0.007550 0.000027 0.100467 0.000209 13.311707 0.035328
0.570000 0.007390 0.000016 0.089386 0.000157 0.007716 0.000028 0.102553 0.000214 13.295014 0.036377
0.580000 0.007525 0.000016 0.091188 0.000160 0.007883 0.000029 0.104654 0.000219 13.279592 0.037782
0.590000 0.007661 0.000017 0.092995 0.000164 0.008051 0.000030 0.106765 0.000223 13.264749 0.038544
0.600000 0.007798 0.000017 0.094807 0.000167 0.008221 0.000030 0.108887 0.000228 13.249374 0.039675
0.610000 0.007935 0.000018 0.096624 0.000171 0.008391 0.000032 0.111024 0.000234 13.235089 0.041121
0.620000 0.008073 0.000018 0.098447 0.000174 0.008563 0.000033 0.113175 0.000239 13.221507 0.042232
0.630000 0.008212 0.000019 0.100275 0.000178 0.008736 0.000034 0.115334 0.000243 13.207100 0.043279
0.640000 0.008351 0.000019 0.102108 0.000181 0.008909 0.000035 0.117505 0.000249 13.194039 0.044328
0.650000 0.008490 0.000020 0.103947 0.000185 0.009083 0.000036 0.119693 0.000255 13.181512 0.045607
0.660000 0.008630 0.000020 0.105791 0.000188 0.009259 0.000037 0.121890 0.000260 13.168994 0.046331
0.670000 0.008771 0.000021 0.107641 0.000191 0.009435 0.000038 0.124095 0.000266 13.156841 0.047305
0.680000 0.008912 0.000021 0.109496 0.000195 0.009612 0.000039 0.126312 0.000269 13.144712 0.048633
0.690000 0.009053 0.000022 0.111356 0.000198 0.009791 0.000040 0.128549 0.000276 13.133618 0.049952
0.700000 0.009196 0.000023 0.113222 0.000202 0.009970 0.000041 0.130788 0.000283 13.122421 0.050757
0.710000 0.009338 0.000023 0.115093 0.000205 0.010150 0.000042 0.133037 0.000283 13.111619 0.051585
0.720000 0.009481 0.000024 0.116969 0.000209 0.010331 0.000044 0.135300 0.000291 13.101025 0.052856
0.730000 0.009625 0.000024 0.118851 0.000212 0.010513 0.000044 0.137574 0.000299 13.090913 0.053694
0.740000 0.009769 0.000025 0.120738 0.000215 0.010695 0.000046 0.139861 0.000300 13.081230 0.054569
0.750000 0.009914 0.000026 0.122631 0.000219 0.010879 0.000047 0.142151 0.000305 13.071188 0.055383
0.760000 0.010060 0.000026 0.124529 0.000222 0.011063 0.000048 0.144456 0.000312 13.061997 0.056434
0.770000 0.010205 0.000027 0.126432 0.000226 0.011248 0.000050 0.146777 0.000319 13.052859 0.057450
0.780000 0.010352 0.000027 0.128341 0.000229 0.011434 0.000050 0.149094 0.000321 13.043595 0.057645
0.790000 0.010499 0.000028 0.130255 0.000232 0.011621 0.000052 0.151423 0.000327 13.034404 0.058907
0.800000 0.010646 0.000029 0.132175 0.000236 0.011809 0.000053 0.153769 0.000332 13.025817 0.059456
0.810000 0.010794 0.000029 0.134100 0.000239 0.011996 0.000054 0.156121 0.000338 13.018003 0.059855
0.820000 0.010942 0.000030 0.136030 0.000243 0.012186 0.000055 0.158482 0.000346 13.009587 0.061258
0.830000 0.011091 0.000031 0.137965 0.000246 0.012376 0.000056 0.160854 0.000347 13.001420 0.061436
0.840000 0.011240 0.000031 0.139906 0.000249 0.012566 0.000058 0.163230 0.000353 12.993774 0.062341
0.850000 0.011390 0.000032 0.141851 0.000253 0.012757 0.000059 0.165612 0.000361 12.985967 0.063032
0.860000 0.011541 0.000033 0.143802 0.000256 0.012949 0.000060 0.168008 0.000364 12.978192 0.063534
0.870000 0.011691 0.000033 0.145759 0.000260 0.013143 0.000061 0.170412 0.000367 12.969837 0.064162
0.880000 0.011843 0.000034 0.147720 0.000263 0.013336 0.000063 0.172824 0.000370 12.963666 0.064692
0.890000 0.011994 0.000035 0.149686 0.000266 0.013530 0.000064 0.175240 0.000374 12.956382 0.064916
0.900000 0.012147 0.000035 0.151658 0.000270 0.013726 0.000065 0.177669 0.000380 12.948528 0.065465
0.910000 0.012299 0.000036 0.153635 0.000273 0.013921 0.000067 0.180103 0.000385 12.941556 0.066495
0.920000 0.012453 0.000037 0.155616 0.000277 0.014117 0.000068 0.182542 0.000384 12.934318 0.066707
0.930000 0.012606 0.000038 0.157603 0.000280 0.014314 0.000068 0.185001 0.000384 12.928618 0.066926
0.940000 0.012760 0.000038 0.159595 0.000283 0.014512 0.000070 0.187447 0.000393 12.921086 0.067985
0.950000 0.012915 0.000039 0.161591 0.000287 0.014710 0.000072 0.189904 0.000395 12.913617 0.068097
0.960000 0.013070 0.000040 0.163593 0.000290 0.014909 0.000073 0.192393 0.000397 12.908264 0.068473
0.970000 0.013226 0.000040 0.165599 0.000293 0.015108 0.000074 0.194863 0.000396 12.902120 0.069419
0.980000 0.013382 0.000041 0.167610 0.000297 0.015309 0.000075 0.197342 0.000396 12.894946 0.069478
0.990000 0.013538 0.000042 0.169627 0.000300 0.015510 0.000077 0.199830 0.000397 12.888102 0.069640
1.000000 0.013695 0.000043 0.171647 0.000303 0.015711 0.000079 0.202339 0.000398 12.882769 0.070324
1.010000 0.013852 0.000044 0.173673 0.000307 0.015914 0.000080 0.204851 0.000406 12.876947 0.071161
1.020000 0.014010 0.000044 0.175704 0.000310 0.016117 0.000081 0.207342 0.000401 12.868602 0.070923
1.030000 0.014168 0.000045 0.177739 0.000313 0.016320 0.000083 0.209872 0.000397 12.864223 0.071108
1.040000 0.014327 0.000046 0.179779 0.000316 0.016524 0.000084 0.212399 0.000406 12.858232 0.071916
1.050000 0.014486 0.000047 0.181824 0.000320 0.016729 0.000086 0.214931 0.000401 12.852080 0.072494
1.060000 0.014646 0.000047 0.183873 0.000323 0.016932 0.000087 0.217467 0.000397 12.847780 0.071793
1.070000 0.014806 0.000048 0.185927 0.000326 0.017140 0.000089 0.220008 0.000396 12.840068 0.072295
1.080000 0.014966 0.000049 0.187985 0.000329 0.017348 0.000091 0.222567 0.000398 12.833976 0.073614
1.090000 0.015127 0.000050 0.190048 0.000332 0.017553 0.000092 0.225119 0.000401 12.829070 0.073494
1.100000 0.015288 0.000051 0.192116 0.000335 0.017761 0.000094 0.227685 0.000396 12.823400 0.073472
1.110000 0.015450 0.000052 0.194188 0.000338 0.017969 0.000096 0.230256 0.000396 12.818455 0.074001
1.120000 0.015612 0.000052 0.196265 0.000341 0.018176 0.000097 0.232828 0.000394 12.813701 0.073914
1.130000 0.015774 0.000053 0.198346 0.000344 0.018388 0.000098 0.235413 0.000388 12.807059 0.074053
1.140000 0.015937 0.000054 0.200431 0.000347 0.018598 0.000101 0.238002 0.000392 12.801587 0.075504
1.150000 0.016101 0.000055 0.202521 0.000350 0.018809 0.000102 0.240583 0.000386 12.795398 0.074806
1.160000 0.016264 0.000056 0.204615 0.000353 0.019019 0.000103 0.243196 0.000378 12.791414 0.074137
1.170000 0.016429 0.000057 0.206714 0.000355 0.019229 0.000107 0.245799 0.000392 12.786712 0.076079
1.180000 0.016593 0.000058 0.208817 0.000358 0.019443 0.000107 0.248402 0.000387 12.780421 0.075253
1.190000 0.016758 0.000059 0.210924 0.000361 0.019655 0.000109 0.251038 0.000381 12.776479 0.075297
1.200000 0.016923 0.000059 0.213036 0.000364 0.019869 0.000112 0.253654 0.000380 12.770517 0.076139
1.210000 0.017089 0.000060 0.215152 0.000366 0.020081 0.000112 0.256280 0.000380 12.766541 0.075799
1.220000 0.017255 0.000061 0.217272 0.000369 0.020295 0.000114 0.258924 0.000382 12.762142 0.076264
1.230000 0.017422 0.000062 0.219396 0.000372 0.020511 0.000117 0.261550 0.000389 12.755879 0.076749
1.240000 0.017589 0.000063 0.221525 0.000375 0.020726 0.000120 0.264195 0.000378 12.751058 0.076784
1.250000 0.017756 0.000064 0.223658 0.000377 0.020943 0.000120 0.266845 0.000373 12.745574 0.077004
1.260000 0.017924 0.000065 0.225794 0.000380 0.021158 0.000123 0.269518 0.000386 12.742540 0.077552
1.270000 0.018092 0.000066 0.227936 0.000382 0.021376 0.000125 0.272180 0.000385 12.737484 0.077140
1.280000 0.018261 0.000067 0.230081 0.000385 0.021594 0.000127 0.274828 0.000398 12.731518 0.077812
1.290000 0.018429 0.000068 0.232230 0.000388 0.021810 0.000129 0.277510 0.000374 12.728276 0.077489
1.300000 0.018599 0.000069 0.234383 0.000390 0.022031 0.000132 0.280193 0.000375 12.722710 0.078037
1.310000 0.018768 0.000070 0.236541 0.000393 0.022248 0.000135 0.282867 0.000401 12.718901 0.079437
1.320000 0.018938 0.000071 0.238702 0.000395 0.022465 0.000136 0.285563 0.000397 12.715738 0.078404
1.330000 0.019109 0.000072 0.240867 0.000398 0.022686 0.000137 0.288259 0.000394 12.711167 0.078211
1.340000 0.019280 0.000073 0.243036 0.000400 0.022907 0.000141 0.290946 0.000411 12.705619 0.079263
1.350000 0.019451 0.000074 0.245210 0.000403 0.023128 0.000144 0.293658 0.000415 12.701365 0.079664
1.360000 0.019622 0.000075 0.247387 0.000405 0.023349 0.000147 0.296344 0.000404 12.696635 0.079751
1.370000 0.019794 0.000076 0.249568 0.000408 0.023571 0.000149 0.299042 0.000414 12.691521 0.079776
1.380000 0.019966 0.000077 0.251753 0.000411 0.023791 0.000150 0.301802 0.000418 12.690280 0.079799
1.390000 0.020139 0.000078 0.253942 0.000413 0.024013 0.000154 0.304531 0.000432 12.686471 0.080343
1.400000 0.020312 0.000079 0.256134 0.000416 0.024236 0.000158 0.307205 0.000449 12.680112 0.080939
1.410000 0.020485 0.000080 0.258330 0.000418 0.024462 0.000161 0.309944 0.000449 12.675129 0.080455
1.420000 0.020659 0.000081 0.260531 0.000421 0.024684 0.000163 0.312708 0.000467 12.673423 0.081103
1.430000 0.020833 0.000082 0.262735 0.000424 0.024909 0.000166 0.315427 0.000468 12.667823 0.080665
1.440000 0.021007 0.000084 0.264942 0.000426 0.025134 0.000170 0.318137 0.000475 12.662438 0.081369
1.450000 0.021182 0.000085 0.267153 0.000429 0.025354 0.000174 0.320897 0.000487 12.661423 0.082307
1.460000 0.021357 0.000086 0.269368 0.000432 0.025583 0.000176 0.323663 0.000508 12.656223 0.080952
1.470000 0.021532 0.000087 0.271587 0.000434 0.025809 0.000180 0.326393 0.000525 12.651034 0.081783
1.480000 0.021708 0.000088 0.273809 0.000437 0.026033 0.000182 0.329127 0.000518 12.647492 0.082733
1.490000 0.021884 0.000089 0.276035 0.000440 0.026259 0.000186 0.331889 0.000560 12.643761 0.082451
1.500000 0.022060 0.000091 0.278264 0.000443 0.026488 0.000190 0.334684 0.000571 12.640094 0.081851
1.510000 0.022237 0.000092 0.280497 0.000446 0.026713 0.000192 0.337472 0.000597 12.638065 0.081981
1.520000 0.022414 0.000093 0.282734 0.000449 0.026939 0.000197 0.340165 0.000612 12.631713 0.082254
1.530000 0.022592 0.000094 0.284973 0.000452 0.027168 0.000201 0.342956 0.000616 12.627975 0.082598
1.540000 0.022769 0.000096 0.287217 0.000455 0.027395 0.000204 0.345738 0.000656 12.625187 0.082856
1.550000 0.022947 0.000097 0.289463 0.000458 0.027623 0.000208 0.348501 0.000677 12.620848 0.082457
1.560000 0.023126 0.000098 0.291714 0.000461 0.027852 0.000212 0.351366 0.000706 12.620106 0.082853
1.570000 0.023305 0.000099 0.293968 0.000464 0.028080 0.000216 0.354105 0.000716 12.615226 0.083583
1.580000 0.023484 0.000101 0.296224 0.000468 0.028309 0.000219 0.356857 0.000723 12.610617 0.083384
1.590000 0.023663 0.000102 0.298485 0.000471 0.028538 0.000224 0.359664 0.000761 12.607713 0.082607
1.600000 0.023843 0.000103 0.300749 0.000474 0.028767 0.000228 0.362489 0.000831 12.605392 0.082537
1.610000 0.024022 0.000105 0.303016 0.000478 0.028997 0.000231 0.365275 0.000834 12.601865 0.083377
1.620000 0.024203 0.000106 0.305286 0.000482 0.029226 0.000236 0.368046 0.000845 12.597770 0.082935
1.630000 0.024383 0.000107 0.307560 0.000485 0.029456 0.000239 0.370876 0.000901 12.595395 0.083023
1.640000 0.024564 0.000109 0.309837 0.000489 0.029686 0.000243 0.373682 0.000898 12.592410 0.084472
1.650000 0.024745 0.000110 0.312117 0.000493 0.029917 0.000248 0.376501 0.000923 12.589752 0.082908
1.660000 0.024927 0.000112 0.314400 0.000497 0.030148 0.000252 0.379328 0.000986 12.587046 0.082007
1.670000 0.025109 0.000113 0.316687 0.000501 0.030378 0.000256 0.382149 0.000992 12.584608 0.083185
1.680000 0.025291 0.000115 0.318977 0.000505 0.030609 0.000260 0.384962 0.001026 12.581586 0.083252
1.690000 0.025473 0.000116 0.321270 0.000510 0.030840 0.000264 0.387761 0.001081 12.577833 0.082898
1.700000 0.025656 0.000117 0.323566 0.000514 0.031072 0.000268 0.390602 0.001087 12.575696 0.082631
1.710000 0.025838 0.000119 0.325865 0.000518 0.031303 0.000272 0.393381 0.001104 12.571590 0.083206
1.720000 0.026022 0.000120 0.328167 0.000523 0.031535 0.000277 0.396230 0.001151 12.569433 0.083205
1.730000 0.026205 0.000122 0.330472 0.000528 0.031767 0.000281 0.399109 0.001205 12.568390 0.082527
1.740000 0.026389 0.000123 0.332781 0.000532 0.031999 0.000284 0.401932 0.001199 12.565474 0.083007
1.750000 0.026573 0.000125 0.335092 0.000537 0.032233 0.000288 0.404755 0.001257 12.562056 0.082646
1.760000 0.026757 0.000127 0.337407 0.000542 0.032465 0.000292 0.407581 0.001303 12.559222 0.082023
1.770000 0.026942 0.000128 0.339724 0.000547 0.032698 0.000297 0.410481 0.001300 12.558674 0.082062
1.780000 0.027127 0.000130 0.342045 0.000552 0.032932 0.000301 0.413299 0.001352 12.554989 0.082252
1.790000 0.027312 0.000131 0.344368 0.000557 0.033165 0.000305 0.416039 0.001386 12.549212 0.081953
1.800000 0.027497 0.000133 0.346693 0.000563 0.033399 0.000309 0.418919 0.001461 12.547778 0.081377
1.810000 0.027683 0.000135 0.349022 0.000569 0.033633 0.000312 0.421855 0.001472 12.547749 0.080978
1.820000 0.027869 0.000136 0.351355 0.000574 0.033867 0.000316 0.424714 0.001462 12.545400 0.081610
1.830000 0.028055 0.000138 0.353690 0.000580 0.034102 0.000320 0.427553 0.001523 12.542181 0.082191
1.840000 0.028242 0.000139 0.356027 0.000585 0.034337 0.000324 0.430357 0.001542 12.538107 0.080876
1.850000 0.028428 0.000141 0.358367 0.000591 0.034573 0.000328 0.433228 0.001613 12.535821 0.080233
1.860000 0.028615 0.000143 0.360711 0.000598 0.034809 0.000332 0.436109 0.001654 12.533698 0.080618
1.870000 0.028803 0.000145 0.363057 0.000604 0.035043 0.000335 0.438958 0.001657 12.531053 0.080279
1.880000 0.028990 0.000146 0.365406 0.000610 0.035281 0.000339 0.441859 0.001679 12.529144 0.081108
1.890000 0.029178 0.000148 0.367757 0.000616 0.035517 0.000343 0.444714 0.001723 12.526124 0.080352
1.900000 0.029366 0.000150 0.370111 0.000623 0.035753 0.000347 0.447541 0.001767 12.522677 0.079252
1.910000 0.029554 0.000151 0.372468 0.000630 0.035991 0.000350 0.450422 0.001775 12.519770 0.080328
1.920000 0.029743 0.000153 0.374828 0.000636 0.036228 0.000353 0.453336 0.001823 12.518256 0.080349
1.930000 0.029932 0.000155 0.377191 0.000643 0.036466 0.000357 0.456213 0.001856 12.515747 0.079816
1.940000 0.030121 0.000157 0.379556 0.000651 0.036704 0.000361 0.459097 0.001863 12.513088 0.079581
1.950000 0.030310 0.000158 0.381923 0.000658 0.036942 0.000364 0.461988 0.001893 12.510973 0.079175
1.960000 0.030500 0.000160 0.384294 0.000665 0.037180 0.000368 0.464828 0.001951 12.507270 0.078686
1.970000 0.030690 0.000162 0.386667 0.000672 0.037419 0.000371 0.467778 0.001998 12.505989 0.078870
1.980000 0.030880 0.000164 0.389043 0.000680 0.037659 0.000374 0.470642 0.002017 12.502589 0.078385
1.990000 0.031070 0.000165 0.391421 0.000687 0.037898 0.000378 0.473534 0.002034 12.499908 0.078382
2.000000 0.031260 0.000167 0.393802 0.000695 0.038138 0.000382 0.476504 0.002079 12.499307 0.077831
2.010000 0.031451 0.000169 0.396186 0.000703 0.038377 0.000385 0.479302 0.002116 12.494321 0.077504
2.020000 0.031642 0.000171 0.398571 0.000711 0.038618 0.000389 0.482215 0.002151 12.491862 0.077688
2.030000 0.031834 0.000173 0.400960 0.000719 0.038859 0.000392 0.485123 0.002177 12.489356 0.076935
2.040000 0.032025 0.000175 0.403351 0.000727 0.039100 0.000395 0.488013 0.002210 12.486335 0.076667
2.050000 0.032217 0.000176 0.405744 0.000736 0.039342 0.000400 0.490970 0.002253 12.484802 0.076805
2.060000 0.032409 0.000178 0.408141 0.000744 0.039584 0.000403 0.493833 0.002271 12.480728 0.076615
2.070000 0.032601 0.000180 0.410539 0.000753 0.039826 0.000406 0.496736 0.002323 12.477811 0.075862
2.080000 0.032794 0.000182 0.412940 0.000762 0.040067 0.000410 0.499675 0.002367 12.476067 0.075391
2.090000 0.032987 0.000184 0.415343 0.000771 0.040311 0.000413 0.502563 0.002383 12.472505 0.075224
2.100000 0.033180 0.000186 0.417749 0.000780 0.040554 0.000418 0.505468 0.002429 12.469502 0.075058
2.110000 0.033373 0.000188 0.420157 0.000789 0.040797 0.000422 0.508396 0.002467 12.466799 0.074815
2.120000 0.033566 0.000190 0.422568 0.000798 0.041042 0.000425 0.511324 0.002494 12.463789 0.074503
2.130000 0.033760 0.000191 0.424981 0.000808 0.041285 0.000430 0.514239 0.002540 12.461055 0.074111
2.140000 0.033954 0.000193 0.427397 0.000817 0.041529 0.000433 0.517154 0.002578 12.458081 0.073845
2.150000 0.034148 0.000195 0.429814 0.000827 0.041774 0.000438 0.520087 0.002609 12.455455 0.073898
2.160000 0.034343 0.000197 0.432235 0.000837 0.042021 0.000442 0.523010 0.002650 12.452004 0.073498
2.170000 0.034537 0.000199 0.434657 0.000847 0.042265 0.000446 0.525942 0.002683 12.449462 0.073527
2.180000 0.034732 0.000201 0.437082 0.000857 0.042509 0.000451 0.528877 0.002725 12.447041 0.073376
2.190000 0.034927 0.000203 0.439509 0.000867 0.042756 0.000455 0.531814 0.002764 12.443862 0.072960
2.200000 0.035123 0.000205 0.441939 0.000877 0.043001 0.000459 0.534756 0.002805 12.441542 0.072872
2.210000 0.035318 0.000207 0.444371 0.000888 0.043247 0.000464 0.537710 0.002840 12.439029 0.072972
2.220000 0.035514 0.000209 0.446805 0.000899 0.043494 0.000469 0.540640 0.002875 12.436035 0.072937
2.230000 0.035710 0.000211 0.449241 0.000909 0.043739 0.000473 0.543582 0.002920 12.433624 0.072635
2.240000 0.035906 0.000213 0.451680 0.000920 0.043986 0.000477 0.546542 0.002968 12.431000 0.072263
2.250000 0.036103 0.000215 0.454121 0.000931 0.044233 0.000482 0.549482 0.003002 12.428202 0.072218
2.260000 0.036299 0.000217 0.456564 0.000943 0.044479 0.000487 0.552440 0.003040 12.426030 0.072287
2.270000 0.036496 0.000219 0.459010 0.000954 0.044725 0.000491 0.555396 0.003093 12.423918 0.072051
2.280000 0.036693 0.000221 0.461458 0.000965 0.044971 0.000496 0.558356 0.003129 12.421818 0.071948
2.290000 0.036891 0.000223 0.463908 0.000977 0.045219 0.000501 0.561307 0.003167 12.419006 0.071785
2.300000 0.037088 0.000226 0.466360 0.000989 0.045466 0.000505 0.564263 0.003215 12.416687 0.071651
2.310000 0.037286 0.000228 0.468814 0.001001 0.045712 0.000510 0.567227 0.003257 12.414743 0.071575
2.320000 0.037484 0.000230 0.471271 0.001013 0.045958 0.000514 0.570165 0.003296 12.412259 0.071363
2.330000 0.037682 0.000232 0.473730 0.001025 0.046205 0.000519 0.573134 0.003345 12.410394 0.071044
2.340000 0.037881 0.000234 0.476191 0.001037 0.046452 0.000523 0.576101 0.003377 12.408350 0.070903
2.350000 0.038079 0.000236 0.478654 0.001050 0.046698 0.000527 0.579037 0.003416 12.405887 0.070985
2.360000 0.038278 0.000238 0.481119 0.001062 0.046944 0.000533 0.582004 0.003464 12.404112 0.070911
2.370000 0.038477 0.000240 0.483586 0.001075 0.047192 0.000536 0.584963 0.003502 12.401716 0.070508
2.380000 0.038676 0.000243 0.486055 0.001088 0.047439 0.000539 0.587911 0.003540 12.399216 0.070315
2.390000 0.038876 0.000245 0.488526 0.001101 0.047684 0.000545 0.590876 0.003579 12.397724 0.070292
2.400000 0.039075 0.000247 0.491000 0.001114 0.047930 0.000550 0.593849 0.003627 12.396275 0.070197
