0.000000 0.000000 0.000000 0.000000 0.000000 0.004259 0.000002 0.004277 0.000001 0.000000 0.000000
0.025000 0.000627 0.000000 0.000627 0.000000 0.001147 0.000000 0.001148 0.000000 1.000521 0.000141
0.050000 0.002295 0.000000 0.002296 0.000000 0.004127 0.000001 0.004126 0.000000 0.999660 0.000145
0.075000 0.004641 0.000001 0.004639 0.000000 0.007719 0.000002 0.007696 0.000001 0.997147 0.000155
0.100000 0.007350 0.000001 0.007336 0.000001 0.011235 0.000004 0.011165 0.000002 0.993744 0.000176
0.125000 0.010200 0.000002 0.010162 0.000001 0.014346 0.000006 0.014201 0.000004 0.989904 0.000209
0.150000 0.013055 0.000004 0.012982 0.000002 0.016992 0.000009 0.016753 0.000006 0.985965 0.000253
0.175000 0.015847 0.000006 0.015730 0.000004 0.019239 0.000013 0.018895 0.000010 0.982158 0.000305
0.200000 0.018546 0.000008 0.018375 0.000005 0.021193 0.000018 0.020739 0.000013 0.978631 0.000362
0.225000 0.021145 0.000010 0.020915 0.000007 0.022955 0.000023 0.022391 0.000017 0.975469 0.000422
0.250000 0.023649 0.000013 0.023354 0.000009 0.024607 0.000028 0.023933 0.000022 0.972702 0.000483
0.275000 0.026070 0.000016 0.025705 0.000011 0.026207 0.000033 0.025427 0.000027 0.970334 0.000543
0.300000 0.028418 0.000019 0.027981 0.000014 0.027795 0.000039 0.026912 0.000032 0.968341 0.000600
0.325000 0.030706 0.000022 0.030195 0.000016 0.029398 0.000045 0.028415 0.000037 0.966684 0.000654
0.350000 0.032944 0.000026 0.032357 0.000019 0.031032 0.000052 0.029952 0.000043 0.965318 0.000704
0.375000 0.035142 0.000029 0.034477 0.000022 0.032706 0.000058 0.031530 0.000049 0.964201 0.000751
0.400000 0.037308 0.000033 0.036563 0.000026 0.034425 0.000065 0.033155 0.000054 0.963278 0.000792
0.425000 0.039447 0.000037 0.038623 0.000029 0.036189 0.000072 0.034827 0.000060 0.962515 0.000830
0.450000 0.041567 0.000042 0.040662 0.000033 0.038001 0.000079 0.036545 0.000066 0.961879 0.000864
0.475000 0.043671 0.000046 0.042685 0.000036 0.039858 0.000086 0.038309 0.000072 0.961330 0.000896
0.500000 0.045764 0.000051 0.044696 0.000040 0.041760 0.000093 0.040116 0.000078 0.960848 0.000923
0.525000 0.047848 0.000055 0.046698 0.000044 0.043704 0.000100 0.041965 0.000084 0.960419 0.000945
0.550000 0.049927 0.000060 0.048693 0.000048 0.045690 0.000107 0.043853 0.000090 0.960025 0.000968
0.575000 0.052002 0.000065 0.050685 0.000052 0.047716 0.000114 0.045779 0.000096 0.959647 0.000990
0.600000 0.054077 0.000070 0.052675 0.000057 0.049781 0.000122 0.047742 0.000102 0.959297 0.001010
0.625000 0.056151 0.000075 0.054664 0.000061 0.051882 0.000129 0.049739 0.000108 0.958956 0.001023
0.650000 0.058228 0.000080 0.056654 0.000065 0.054020 0.000136 0.051770 0.000114 0.958623 0.001039
0.675000 0.060307 0.000085 0.058647 0.000070 0.056193 0.000144 0.053833 0.000120 0.958295 0.001055
0.700000 0.062390 0.000090 0.060642 0.000074 0.058399 0.000152 0.055927 0.000126 0.957965 0.001067
0.725000 0.064479 0.000096 0.062642 0.000079 0.060638 0.000159 0.058051 0.000132 0.957645 0.001081
0.750000 0.066573 0.000101 0.064646 0.000083 0.062910 0.000167 0.060205 0.000138 0.957325 0.001093
0.775000 0.068673 0.000107 0.066656 0.000088 0.065214 0.000175 0.062388 0.000144 0.957004 0.001106
0.800000 0.070780 0.000112 0.068671 0.000092 0.067548 0.000183 0.064599 0.000150 0.956702 0.001121
0.825000 0.072895 0.000118 0.070693 0.000097 0.069913 0.000191 0.066838 0.000156 0.956378 0.001134
0.850000 0.075017 0.000124 0.072722 0.000102 0.072307 0.000199 0.069103 0.000162 0.956069 0.001143
0.875000 0.077148 0.000129 0.074758 0.000106 0.074730 0.000208 0.071395 0.000169 0.955760 0.001158
0.900000 0.079288 0.000135 0.076802 0.000111 0.077182 0.000216 0.073713 0.000175 0.955448 0.001172
0.925000 0.081436 0.000141 0.078853 0.000116 0.079661 0.000225 0.076057 0.000181 0.955159 0.001182
0.950000 0.083594 0.000147 0.080913 0.000121 0.082169 0.000234 0.078425 0.000187 0.954857 0.001195
0.975000 0.085761 0.000153 0.082981 0.000126 0.084704 0.000242 0.080819 0.000194 0.954566 0.001207
1.000000 0.087938 0.000159 0.085058 0.000131 0.087266 0.000251 0.083237 0.000201 0.954279 0.001219
1.025000 0.090124 0.000165 0.087143 0.000136 0.089855 0.000260 0.085679 0.000207 0.953993 0.001229
1.050000 0.092321 0.000171 0.089237 0.000140 0.092469 0.000269 0.088145 0.000214 0.953718 0.001240
1.075000 0.094528 0.000177 0.091340 0.000145 0.095109 0.000279 0.090635 0.000221 0.953446 0.001248
1.100000 0.096745 0.000183 0.093453 0.000150 0.097775 0.000288 0.093148 0.000228 0.953179 0.001257
1.125000 0.098972 0.000190 0.095575 0.000155 0.100466 0.000297 0.095684 0.000235 0.952917 0.001265
1.150000 0.101210 0.000196 0.097706 0.000161 0.103182 0.000306 0.098242 0.000242 0.952659 0.001273
1.175000 0.103458 0.000202 0.099846 0.000166 0.105922 0.000315 0.100823 0.000249 0.952409 0.001280
1.200000 0.105717 0.000209 0.101996 0.000171 0.108686 0.000324 0.103425 0.000256 0.952156 0.001289
1.225000 0.107987 0.000215 0.104155 0.000176 0.111474 0.000334 0.106050 0.000263 0.951912 0.001297
1.250000 0.110267 0.000222 0.106324 0.000181 0.114286 0.000343 0.108696 0.000271 0.951676 0.001304
1.275000 0.112558 0.000228 0.108503 0.000186 0.117120 0.000352 0.111362 0.000279 0.951441 0.001312
1.300000 0.114860 0.000235 0.110692 0.000191 0.119978 0.000362 0.114050 0.000287 0.951213 0.001321
1.325000 0.117173 0.000241 0.112890 0.000196 0.122858 0.000372 0.116759 0.000295 0.950994 0.001329
1.350000 0.119496 0.000248 0.115098 0.000202 0.125760 0.000382 0.119488 0.000304 0.950777 0.001340
1.375000 0.121831 0.000255 0.117315 0.000207 0.128684 0.000392 0.122237 0.000313 0.950560 0.001351
1.400000 0.124176 0.000262 0.119543 0.000212 0.131630 0.000403 0.125006 0.000323 0.950353 0.001362
1.425000 0.126532 0.000269 0.121780 0.000217 0.134597 0.000414 0.127795 0.000333 0.950152 0.001374
1.450000 0.128898 0.000275 0.124027 0.000223 0.137587 0.000425 0.130603 0.000343 0.949948 0.001387
1.475000 0.131276 0.000282 0.126283 0.000228 0.140597 0.000436 0.133431 0.000354 0.949751 0.001401
1.500000 0.133664 0.000289 0.128550 0.000233 0.143627 0.000448 0.136276 0.000365 0.949552 0.001415
1.525000 0.136064 0.000297 0.130826 0.000239 0.146678 0.000460 0.139140 0.000377 0.949357 0.001430
1.550000 0.138474 0.000304 0.133112 0.000245 0.149750 0.000472 0.142023 0.000389 0.949168 0.001444
1.575000 0.140894 0.000311 0.135407 0.000250 0.152841 0.000485 0.144924 0.000401 0.948979 0.001459
1.600000 0.143326 0.000318 0.137712 0.000256 0.155952 0.000498 0.147842 0.000414 0.948791 0.001474
1.625000 0.145768 0.000326 0.140027 0.000262 0.159083 0.000510 0.150779 0.000426 0.948607 0.001491
1.650000 0.148221 0.000333 0.142352 0.000267 0.162233 0.000523 0.153732 0.000439 0.948428 0.001507
1.675000 0.150684 0.000341 0.144686 0.000273 0.165402 0.000537 0.156704 0.000452 0.948251 0.001523
1.700000 0.153158 0.000348 0.147029 0.000279 0.168589 0.000550 0.159692 0.000465 0.948077 0.001541
1.725000 0.155642 0.000356 0.149383 0.000285 0.171794 0.000564 0.162696 0.000479 0.947911 0.001558
1.750000 0.158137 0.000364 0.151745 0.000292 0.175017 0.000577 0.165718 0.000493 0.947747 0.001576
1.775000 0.160643 0.000371 0.154117 0.000298 0.178258 0.000591 0.168754 0.000506 0.947578 0.001594
1.800000 0.163159 0.000379 0.156499 0.000304 0.181517 0.000605 0.171806 0.000520 0.947410 0.001611
1.825000 0.165685 0.000387 0.158890 0.000310 0.184792 0.000619 0.174875 0.000534 0.947258 0.001629
1.850000 0.168221 0.000395 0.161290 0.000317 0.188085 0.000634 0.177958 0.000547 0.947098 0.001648
1.875000 0.170768 0.000403 0.163699 0.000323 0.191395 0.000648 0.181057 0.000561 0.946938 0.001667
1.900000 0.173325 0.000411 0.166118 0.000330 0.194719 0.000663 0.184170 0.000575 0.946790 0.001686
1.925000 0.175892 0.000420 0.168546 0.000337 0.198062 0.000678 0.187298 0.000590 0.946631 0.001703
1.950000 0.178470 0.000428 0.170983 0.000343 0.201420 0.000693 0.190440 0.000604 0.946475 0.001724
1.975000 0.181057 0.000436 0.173429 0.000350 0.204795 0.000709 0.193597 0.000619 0.946323 0.001742
2.000000 0.183654 0.000445 0.175884 0.000357 0.208185 0.000724 0.196768 0.000634 0.946181 0.001759
2.025000 0.186262 0.000453 0.178348 0.000364 0.211589 0.000740 0.199952 0.000649 0.946031 0.001781
2.050000 0.188879 0.000462 0.180821 0.000371 0.215011 0.000757 0.203150 0.000665 0.945880 0.001800
2.075000 0.191506 0.000471 0.183303 0.000378 0.218447 0.000773 0.206363 0.000680 0.945739 0.001819
2.100000 0.194143 0.000479 0.185794 0.000385 0.221899 0.000790 0.209589 0.000696 0.945595 0.001838
2.125000 0.196789 0.000488 0.188293 0.000393 0.225364 0.000808 0.212828 0.000713 0.945463 0.001858
2.150000 0.199445 0.000497 0.190802 0.000400 0.228845 0.000825 0.216081 0.000729 0.945324 0.001879
2.175000 0.202111 0.000506 0.193318 0.000408 0.232341 0.000844 0.219347 0.000746 0.945186 0.001897
2.200000 0.204786 0.000515 0.195844 0.000415 0.235850 0.000862 0.222626 0.000763 0.945058 0.001916
2.225000 0.207471 0.000525 0.198378 0.000423 0.239377 0.000881 0.225920 0.000780 0.944923 0.001941
2.250000 0.210166 0.000534 0.200921 0.000431 0.242919 0.000900 0.229225 0.000798 0.944778 0.001962
2.275000 0.212869 0.000543 0.203472 0.000439 0.246473 0.000920 0.232542 0.000815 0.944646 0.001982
2.300000 0.215583 0.000553 0.206032 0.000447 0.250040 0.000941 0.235873 0.000834 0.944520 0.002008
2.325000 0.218305 0.000562 0.208600 0.000455 0.253623 0.000962 0.239218 0.000851 0.944392 0.002026
2.350000 0.221037 0.000572 0.211176 0.000463 0.257223 0.000982 0.242573 0.000869 0.944253 0.002051
2.375000 0.223778 0.000582 0.213761 0.000471 0.260835 0.001003 0.245939 0.000887 0.944112 0.002076
2.400000 0.226528 0.000592 0.216354 0.000480 0.264461 0.001023 0.249321 0.000905 0.943985 0.002093
