0.000000 0.000000 0.000000 0.000000 0.000000 0.006477 0.000003 0.003604 0.000003 0.000000 0.000000
0.025000 0.000231 0.000000 0.000711 0.000000 0.000300 0.000000 0.001331 0.000001 4.445209 0.002280
0.050000 0.000599 0.000000 0.002663 0.000001 0.000771 0.000001 0.004925 0.000002 6.384128 0.003886
0.075000 0.000977 0.000001 0.005530 0.000003 0.001123 0.000001 0.009652 0.000007 8.594558 0.007041
0.100000 0.001344 0.000001 0.009008 0.000006 0.001436 0.000002 0.014791 0.000013 10.300018 0.010692
0.125000 0.001695 0.000002 0.012860 0.000009 0.001721 0.000003 0.019903 0.000023 11.563183 0.014057
0.150000 0.002033 0.000002 0.016925 0.000015 0.001993 0.000004 0.024811 0.000034 12.452755 0.016605
0.175000 0.002360 0.000003 0.021103 0.000021 0.002260 0.000005 0.029486 0.000047 13.049777 0.018142
0.200000 0.002679 0.000003 0.025335 0.000028 0.002529 0.000005 0.033967 0.000060 13.429694 0.018857
0.225000 0.002993 0.000004 0.029587 0.000036 0.002806 0.000006 0.038317 0.000072 13.654958 0.018952
0.250000 0.003304 0.000005 0.033846 0.000044 0.003093 0.000007 0.042599 0.000084 13.773698 0.018674
0.275000 0.003612 0.000005 0.038106 0.000052 0.003391 0.000008 0.046862 0.000095 13.821489 0.018288
0.300000 0.003921 0.000006 0.042367 0.000061 0.003701 0.000010 0.051147 0.000106 13.823506 0.017965
0.325000 0.004229 0.000007 0.046632 0.000070 0.004022 0.000011 0.055479 0.000116 13.797364 0.017925
0.350000 0.004539 0.000008 0.050904 0.000079 0.004354 0.000012 0.059877 0.000126 13.755130 0.018378
0.375000 0.004851 0.000008 0.055187 0.000087 0.004696 0.000013 0.064351 0.000135 13.704913 0.019219
0.400000 0.005166 0.000009 0.059485 0.000096 0.005049 0.000015 0.068906 0.000144 13.651955 0.020500
0.425000 0.005483 0.000010 0.063801 0.000105 0.005409 0.000016 0.073542 0.000154 13.599934 0.022111
0.450000 0.005802 0.000011 0.068138 0.000114 0.005776 0.000018 0.078256 0.000163 13.551306 0.023971
0.475000 0.006124 0.000012 0.072497 0.000123 0.006149 0.000020 0.083039 0.000172 13.507539 0.026162
0.500000 0.006449 0.000013 0.076879 0.000132 0.006526 0.000022 0.087880 0.000182 13.470267 0.028510
0.525000 0.006777 0.000014 0.081284 0.000141 0.006904 0.000024 0.092764 0.000193 13.441134 0.031016
0.550000 0.007107 0.000015 0.085713 0.000150 0.007279 0.000026 0.097670 0.000204 13.421629 0.033736
0.575000 0.007439 0.000016 0.090163 0.000158 0.007649 0.000028 0.102571 0.000215 13.413266 0.036564
0.600000 0.007772 0.000017 0.094631 0.000167 0.008009 0.000030 0.107436 0.000227 13.418592 0.039193
0.625000 0.008106 0.000018 0.099115 0.000176 0.008353 0.000032 0.112229 0.000239 13.440080 0.041936
0.650000 0.008440 0.000020 0.103608 0.000185 0.008676 0.000034 0.116914 0.000250 13.480408 0.044662
0.675000 0.008773 0.000021 0.108106 0.000193 0.008973 0.000036 0.121460 0.000261 13.540976 0.047349
0.700000 0.009104 0.000022 0.112603 0.000202 0.009243 0.000039 0.125856 0.000273 13.621614 0.050113
0.725000 0.009433 0.000024 0.117094 0.000210 0.009489 0.000041 0.130125 0.000283 13.718021 0.052761
0.750000 0.009758 0.000025 0.121577 0.000219 0.009723 0.000042 0.134343 0.000292 13.821559 0.055494
0.775000 0.010081 0.000026 0.126052 0.000227 0.009966 0.000044 0.138646 0.000302 13.916993 0.058013
0.800000 0.010402 0.000028 0.130525 0.000236 0.010245 0.000046 0.143223 0.000313 13.985228 0.060477
0.825000 0.010722 0.000029 0.135008 0.000244 0.010589 0.000047 0.148272 0.000326 14.006617 0.062893
0.850000 0.011044 0.000031 0.139517 0.000252 0.011024 0.000049 0.153966 0.000340 13.970521 0.064741
0.875000 0.011372 0.000032 0.144071 0.000261 0.011560 0.000051 0.160407 0.000357 13.879597 0.066433
0.900000 0.011706 0.000033 0.148689 0.000269 0.012194 0.000053 0.167576 0.000371 13.745890 0.067389
0.925000 0.012050 0.000035 0.153385 0.000277 0.012907 0.000056 0.175368 0.000391 13.590139 0.068123
0.950000 0.012404 0.000036 0.158171 0.000286 0.013673 0.000059 0.183630 0.000415 13.433550 0.068844
0.975000 0.012769 0.000038 0.163051 0.000294 0.014466 0.000063 0.192177 0.000433 13.287783 0.068976
1.000000 0.013146 0.000039 0.168025 0.000303 0.015265 0.000066 0.200856 0.000456 13.160830 0.069404
1.025000 0.013532 0.000041 0.173092 0.000312 0.016055 0.000070 0.209573 0.000478 13.056731 0.069611
1.050000 0.013928 0.000043 0.178247 0.000320 0.016829 0.000073 0.218248 0.000497 12.971570 0.069794
1.075000 0.014333 0.000045 0.183483 0.000329 0.017585 0.000078 0.226863 0.000514 12.904351 0.070368
1.100000 0.014746 0.000046 0.188797 0.000338 0.018323 0.000082 0.235429 0.000530 12.851979 0.070686
1.125000 0.015166 0.000048 0.194183 0.000347 0.019046 0.000086 0.243928 0.000540 12.810543 0.070929
1.150000 0.015592 0.000050 0.199637 0.000356 0.019759 0.000091 0.252399 0.000551 12.777557 0.071416
1.175000 0.016025 0.000052 0.205156 0.000365 0.020465 0.000095 0.260865 0.000567 12.750538 0.071631
1.200000 0.016463 0.000054 0.210737 0.000374 0.021165 0.000100 0.269349 0.000573 12.729731 0.072287
1.225000 0.016907 0.000056 0.216378 0.000384 0.021863 0.000105 0.277860 0.000582 12.712773 0.072758
1.250000 0.017356 0.000058 0.222077 0.000393 0.022562 0.000111 0.286412 0.000587 12.698335 0.073267
1.275000 0.017809 0.000060 0.227834 0.000402 0.023264 0.000116 0.295032 0.000596 12.686019 0.073883
1.300000 0.018268 0.000062 0.233647 0.000411 0.023968 0.000122 0.303717 0.000603 12.675795 0.074042
1.325000 0.018731 0.000064 0.239515 0.000420 0.024677 0.000129 0.312476 0.000601 12.666877 0.074808
1.350000 0.019199 0.000067 0.245438 0.000428 0.025392 0.000135 0.321317 0.000610 12.658630 0.074983
1.375000 0.019671 0.000069 0.251416 0.000437 0.026112 0.000142 0.330251 0.000617 12.652241 0.075462
1.400000 0.020148 0.000072 0.257447 0.000446 0.026838 0.000150 0.339281 0.000618 12.646394 0.076261
1.425000 0.020630 0.000074 0.263533 0.000455 0.027571 0.000157 0.348390 0.000619 12.640930 0.076306
1.450000 0.021116 0.000077 0.269672 0.000464 0.028309 0.000165 0.357592 0.000623 12.636458 0.076257
1.475000 0.021606 0.000079 0.275864 0.000472 0.029057 0.000173 0.366898 0.000629 12.631939 0.076462
1.500000 0.022101 0.000082 0.282109 0.000481 0.029810 0.000182 0.376286 0.000638 12.628191 0.076776
1.525000 0.022600 0.000085 0.288407 0.000489 0.030569 0.000191 0.385779 0.000648 12.625422 0.076729
1.550000 0.023103 0.000088 0.294757 0.000498 0.031336 0.000201 0.395412 0.000659 12.624085 0.076648
1.575000 0.023611 0.000091 0.301162 0.000506 0.032109 0.000211 0.405084 0.000683 12.621645 0.076536
1.600000 0.024122 0.000094 0.307617 0.000514 0.032889 0.000221 0.414836 0.000720 12.619104 0.076263
1.625000 0.024638 0.000098 0.314125 0.000523 0.033675 0.000232 0.424740 0.000758 12.618899 0.075875
1.650000 0.025159 0.000101 0.320686 0.000531 0.034467 0.000243 0.434759 0.000805 12.619719 0.075860
1.675000 0.025683 0.000105 0.327300 0.000540 0.035266 0.000254 0.444859 0.000864 12.620685 0.075276
1.700000 0.026211 0.000108 0.333965 0.000549 0.036070 0.000266 0.455021 0.000931 12.621089 0.074915
1.725000 0.026744 0.000112 0.340683 0.000558 0.036881 0.000278 0.465341 0.001000 12.623622 0.074864
1.750000 0.027280 0.000116 0.347453 0.000567 0.037698 0.000291 0.475756 0.001081 12.626733 0.074256
1.775000 0.027821 0.000120 0.354276 0.000577 0.038521 0.000303 0.486249 0.001181 12.629666 0.073844
1.800000 0.028365 0.000124 0.361150 0.000587 0.039350 0.000316 0.496850 0.001273 12.633353 0.073592
1.825000 0.028914 0.000128 0.368077 0.000597 0.040185 0.000330 0.507555 0.001368 12.637704 0.073047
1.850000 0.029466 0.000133 0.375056 0.000608 0.041025 0.000343 0.518337 0.001476 12.641923 0.072650
1.875000 0.030023 0.000137 0.382086 0.000619 0.041872 0.000356 0.529248 0.001592 12.647279 0.072178
1.900000 0.030583 0.000142 0.389169 0.000632 0.042724 0.000370 0.540282 0.001723 12.653362 0.071407
1.925000 0.031147 0.000147 0.396304 0.000645 0.043583 0.000383 0.551366 0.001844 12.658590 0.070912
1.950000 0.031715 0.000152 0.403491 0.000658 0.044448 0.000397 0.562597 0.001971 12.665299 0.070543
1.975000 0.032287 0.000156 0.410730 0.000673 0.045319 0.000410 0.573961 0.002101 12.672921 0.069828
2.000000 0.032862 0.000162 0.418021 0.000688 0.046197 0.000423 0.585351 0.002226 12.678964 0.069269
2.025000 0.033442 0.000167 0.425364 0.000705 0.047081 0.000436 0.596853 0.002357 12.685430 0.068845
2.050000 0.034025 0.000172 0.432759 0.000723 0.047973 0.000449 0.608560 0.002494 12.694048 0.067963
2.075000 0.034612 0.000177 0.440207 0.000742 0.048871 0.000461 0.620362 0.002644 12.702542 0.066805
2.100000 0.035202 0.000183 0.447707 0.000762 0.049775 0.000473 0.632154 0.002796 12.708838 0.065652
2.125000 0.035797 0.000188 0.455258 0.000784 0.050688 0.000484 0.644131 0.002918 12.716588 0.065200
2.150000 0.036395 0.000194 0.462863 0.000807 0.051607 0.000495 0.656258 0.003050 12.725296 0.064302
2.175000 0.036997 0.000200 0.470520 0.000831 0.052533 0.000506 0.668447 0.003210 12.733160 0.062863
2.200000 0.037603 0.000205 0.478230 0.000857 0.053467 0.000516 0.680785 0.003349 12.741822 0.062049
2.225000 0.038212 0.000211 0.485992 0.000884 0.054407 0.000525 0.693222 0.003487 12.750497 0.061177
2.250000 0.038825 0.000217 0.493808 0.000912 0.055354 0.000534 0.705753 0.003634 12.758952 0.060023
2.275000 0.039442 0.000222 0.501676 0.000942 0.056307 0.000543 0.718422 0.003771 12.768070 0.059238
2.300000 0.040063 0.000228 0.509597 0.000973 0.057266 0.000552 0.731196 0.003917 12.777457 0.058440
2.325000 0.040687 0.000234 0.517571 0.001006 0.058233 0.000560 0.744098 0.004079 12.787159 0.057464
2.350000 0.041315 0.000240 0.525599 0.001040 0.059206 0.000569 0.757127 0.004229 12.797263 0.056665
2.375000 0.041947 0.000246 0.533680 0.001075 0.060184 0.000577 0.770256 0.004379 12.807624 0.056092
2.400000 0.042582 0.000252 0.541815 0.001112 0.061169 0.000586 0.783524 0.004543 12.818443 0.055545
