0.000000 0.000000 0.000000 0.000000 0.000000 0.007897 0.000000 0.003887 0.000002 0.000000 0.000000
0.025000 0.000339 0.000000 0.000709 0.000000 0.000480 0.000000 0.001320 0.000000 2.751684 0.000367
0.050000 0.000960 0.000000 0.002641 0.000000 0.001327 0.000000 0.004856 0.000001 3.659170 0.000674
0.075000 0.001616 0.000000 0.005457 0.000001 0.001955 0.000001 0.009447 0.000003 4.832554 0.001267
0.100000 0.002252 0.000001 0.008848 0.000002 0.002493 0.000001 0.014370 0.000006 5.764645 0.001961
0.125000 0.002861 0.000001 0.012576 0.000004 0.002971 0.000002 0.019190 0.000009 6.458851 0.002652
0.150000 0.003442 0.000001 0.016481 0.000006 0.003416 0.000002 0.023741 0.000014 6.950375 0.003257
0.175000 0.004001 0.000002 0.020464 0.000009 0.003847 0.000003 0.028006 0.000019 7.281120 0.003743
0.200000 0.004543 0.000002 0.024468 0.000011 0.004277 0.000004 0.032039 0.000025 7.490927 0.004089
0.225000 0.005072 0.000002 0.028467 0.000015 0.004717 0.000005 0.035912 0.000031 7.613412 0.004338
0.250000 0.005592 0.000003 0.032446 0.000018 0.005172 0.000006 0.039693 0.000037 7.675015 0.004511
0.275000 0.006107 0.000004 0.036405 0.000022 0.005645 0.000007 0.043438 0.000045 7.695563 0.004609
0.300000 0.006619 0.000004 0.040345 0.000026 0.006138 0.000008 0.047190 0.000053 7.689333 0.004681
0.325000 0.007131 0.000005 0.044272 0.000031 0.006650 0.000010 0.050978 0.000061 7.666388 0.004728
0.350000 0.007643 0.000006 0.048190 0.000036 0.007183 0.000011 0.054824 0.000070 7.633666 0.004772
0.375000 0.008157 0.000007 0.052106 0.000041 0.007734 0.000013 0.058739 0.000080 7.595781 0.004812
0.400000 0.008674 0.000007 0.056024 0.000046 0.008304 0.000015 0.062733 0.000090 7.555808 0.004852
0.425000 0.009195 0.000008 0.059949 0.000052 0.008891 0.000017 0.066810 0.000100 7.515686 0.004909
0.450000 0.009720 0.000009 0.063885 0.000058 0.009494 0.000019 0.070972 0.000112 7.476559 0.004972
0.475000 0.010250 0.000010 0.067836 0.000064 0.010113 0.000021 0.075218 0.000124 7.439175 0.005039
0.500000 0.010785 0.000011 0.071803 0.000070 0.010746 0.000023 0.079547 0.000136 7.403859 0.005113
0.525000 0.011325 0.000013 0.075791 0.000077 0.011393 0.000025 0.083958 0.000149 7.370736 0.005211
0.550000 0.011870 0.000014 0.079800 0.000084 0.012053 0.000027 0.088448 0.000162 7.339811 0.005308
0.575000 0.012421 0.000015 0.083832 0.000092 0.012725 0.000030 0.093015 0.000176 7.311021 0.005404
0.600000 0.012977 0.000016 0.087889 0.000099 0.013409 0.000032 0.097655 0.000190 7.284192 0.005511
0.625000 0.013538 0.000018 0.091970 0.000107 0.014104 0.000034 0.102366 0.000204 7.259185 0.005614
0.650000 0.014105 0.000019 0.096078 0.000115 0.014811 0.000037 0.107147 0.000218 7.235846 0.005725
0.675000 0.014677 0.000021 0.100213 0.000123 0.015528 0.000039 0.111993 0.000233 7.214018 0.005832
0.700000 0.015255 0.000022 0.104374 0.000132 0.016254 0.000041 0.116902 0.000248 7.193515 0.005919
0.725000 0.015838 0.000023 0.108563 0.000141 0.016991 0.000044 0.121874 0.000263 7.174235 0.006025
0.750000 0.016427 0.000025 0.112779 0.000150 0.017738 0.000046 0.126903 0.000279 7.156013 0.006134
0.775000 0.017021 0.000027 0.117023 0.000159 0.018493 0.000049 0.131990 0.000294 7.138774 0.006221
0.800000 0.017620 0.000028 0.121295 0.000168 0.019258 0.000051 0.137133 0.000310 7.122490 0.006309
0.825000 0.018224 0.000030 0.125594 0.000177 0.020031 0.000054 0.142328 0.000325 7.106899 0.006399
0.850000 0.018834 0.000031 0.129920 0.000187 0.020814 0.000056 0.147574 0.000341 7.092021 0.006491
0.875000 0.019449 0.000033 0.134275 0.000197 0.021604 0.000059 0.152872 0.000357 7.077871 0.006572
0.900000 0.020068 0.000035 0.138656 0.000207 0.022403 0.000061 0.158218 0.000372 7.064312 0.006649
0.925000 0.020693 0.000036 0.143064 0.000217 0.023209 0.000064 0.163609 0.000388 7.051201 0.006737
0.950000 0.021323 0.000038 0.147500 0.000227 0.024024 0.000067 0.169048 0.000403 7.038696 0.006803
0.975000 0.021958 0.000040 0.151962 0.000238 0.024846 0.000069 0.174532 0.000419 7.026627 0.006879
1.000000 0.022597 0.000042 0.156450 0.000248 0.025675 0.000072 0.180057 0.000434 7.014931 0.006935
1.025000 0.023241 0.000043 0.160964 0.000259 0.026512 0.000075 0.185624 0.000449 7.003649 0.006998
1.050000 0.023890 0.000045 0.165505 0.000269 0.027356 0.000078 0.191233 0.000465 6.992706 0.007073
1.075000 0.024544 0.000047 0.170071 0.000280 0.028206 0.000081 0.196879 0.000482 6.982069 0.007104
1.100000 0.025202 0.000049 0.174662 0.000291 0.029064 0.000084 0.202564 0.000497 6.971754 0.007145
1.125000 0.025865 0.000051 0.179278 0.000302 0.029929 0.000087 0.208288 0.000512 6.961778 0.007205
1.150000 0.026532 0.000053 0.183919 0.000313 0.030799 0.000090 0.214047 0.000529 6.952095 0.007240
1.175000 0.027204 0.000055 0.188584 0.000324 0.031676 0.000092 0.219842 0.000544 6.942610 0.007274
1.200000 0.027880 0.000056 0.193274 0.000335 0.032560 0.000095 0.225671 0.000560 6.933388 0.007356
1.225000 0.028561 0.000058 0.197987 0.000347 0.033449 0.000098 0.231537 0.000577 6.924569 0.007381
1.250000 0.029246 0.000060 0.202724 0.000358 0.034344 0.000101 0.237431 0.000592 6.915867 0.007447
1.275000 0.029935 0.000062 0.207484 0.000370 0.035244 0.000104 0.243360 0.000608 6.907441 0.007517
1.300000 0.030628 0.000064 0.212268 0.000381 0.036151 0.000107 0.249318 0.000623 6.899172 0.007573
1.325000 0.031325 0.000066 0.217073 0.000393 0.037062 0.000110 0.255308 0.000638 6.891210 0.007695
1.350000 0.032026 0.000068 0.221902 0.000404 0.037979 0.000112 0.261331 0.000651 6.883595 0.007800
1.375000 0.032732 0.000070 0.226752 0.000416 0.038901 0.000115 0.267378 0.000667 6.875987 0.007902
1.400000 0.033441 0.000072 0.231624 0.000428 0.039828 0.000118 0.273454 0.000680 6.868533 0.008006
1.425000 0.034154 0.000074 0.236518 0.000439 0.040760 0.000121 0.279556 0.000692 6.861385 0.008092
1.450000 0.034871 0.000077 0.241433 0.000451 0.041695 0.000124 0.285690 0.000707 6.854583 0.008189
1.475000 0.035592 0.000079 0.246370 0.000463 0.042636 0.000127 0.291846 0.000720 6.847783 0.008339
1.500000 0.036316 0.000081 0.251326 0.000475 0.043582 0.000130 0.298022 0.000733 6.841008 0.008448
1.525000 0.037044 0.000083 0.256304 0.000486 0.044532 0.000133 0.304229 0.000746 6.834578 0.008555
1.550000 0.037776 0.000085 0.261301 0.000498 0.045486 0.000136 0.310461 0.000758 6.828396 0.008684
1.575000 0.038512 0.000087 0.266318 0.000510 0.046443 0.000139 0.316712 0.000771 6.822275 0.008815
1.600000 0.039251 0.000089 0.271355 0.000522 0.047406 0.000143 0.322986 0.000784 6.816221 0.008970
1.625000 0.039993 0.000091 0.276412 0.000533 0.048371 0.000146 0.329284 0.000798 6.810420 0.009042
1.650000 0.040739 0.000093 0.281487 0.000545 0.049341 0.000149 0.335605 0.000810 6.804838 0.009187
1.675000 0.041488 0.000095 0.286581 0.000557 0.050314 0.000152 0.341944 0.000822 6.799261 0.009365
1.700000 0.042241 0.000098 0.291694 0.000568 0.051291 0.000155 0.348306 0.000834 6.793912 0.009477
1.725000 0.042997 0.000100 0.296826 0.000580 0.052272 0.000159 0.354688 0.000847 6.788601 0.009595
1.750000 0.043756 0.000102 0.301975 0.000592 0.053256 0.000162 0.361091 0.000861 6.783503 0.009700
1.775000 0.044518 0.000104 0.307142 0.000603 0.054244 0.000165 0.367515 0.000873 6.778495 0.009805
1.800000 0.045284 0.000106 0.312327 0.000615 0.055235 0.000168 0.373954 0.000887 6.773503 0.009911
1.825000 0.046053 0.000109 0.317530 0.000627 0.056229 0.000171 0.380412 0.000900 6.768721 0.010004
1.850000 0.046824 0.000111 0.322750 0.000638 0.057227 0.000174 0.386891 0.000914 6.763945 0.010102
1.875000 0.047599 0.000113 0.327986 0.000650 0.058228 0.000177 0.393388 0.000928 6.759365 0.010171
1.900000 0.048377 0.000115 0.333240 0.000661 0.059232 0.000180 0.399900 0.000943 6.754795 0.010230
1.925000 0.049158 0.000117 0.338510 0.000673 0.060241 0.000183 0.406432 0.000958 6.750193 0.010333
1.950000 0.049942 0.000120 0.343796 0.000684 0.061251 0.000185 0.412982 0.000973 6.745925 0.010389
1.975000 0.050729 0.000122 0.349099 0.000696 0.062265 0.000188 0.419548 0.000988 6.741592 0.010446
2.000000 0.051518 0.000124 0.354418 0.000707 0.063282 0.000191 0.426129 0.001004 6.737343 0.010537
2.025000 0.052311 0.000126 0.359752 0.000718 0.064300 0.000194 0.432727 0.001019 6.733263 0.010588
2.050000 0.053106 0.000128 0.365102 0.000730 0.065323 0.000196 0.439340 0.001035 6.729154 0.010650
2.075000 0.053904 0.000131 0.370468 0.000741 0.066349 0.000199 0.445969 0.001052 6.725069 0.010741
2.100000 0.054705 0.000133 0.375849 0.000753 0.067378 0.000201 0.452614 0.001068 6.721066 0.010802
2.125000 0.055508 0.000135 0.381244 0.000764 0.068408 0.000204 0.459274 0.001085 6.717380 0.010884
2.150000 0.056314 0.000137 0.386655 0.000775 0.069442 0.000207 0.465948 0.001103 6.713555 0.010974
2.175000 0.057123 0.000139 0.392080 0.000787 0.070479 0.000209 0.472638 0.001121 6.709738 0.011018
2.200000 0.057934 0.000142 0.397520 0.000798 0.071519 0.000213 0.479343 0.001139 6.706019 0.011089
2.225000 0.058748 0.000144 0.402974 0.000809 0.072558 0.000217 0.486062 0.001158 6.702624 0.011229
2.250000 0.059565 0.000146 0.408443 0.000820 0.073600 0.000220 0.492795 0.001176 6.699309 0.011334
2.275000 0.060384 0.000148 0.413925 0.000832 0.074650 0.000223 0.499541 0.001196 6.695585 0.011354
2.300000 0.061206 0.000151 0.419422 0.000843 0.075696 0.000227 0.506302 0.001216 6.692447 0.011417
2.325000 0.062029 0.000153 0.424932 0.000855 0.076745 0.000231 0.513074 0.001235 6.689273 0.011539
2.350000 0.062856 0.000155 0.430456 0.000866 0.077800 0.000236 0.519859 0.001256 6.685898 0.011618
2.375000 0.063685 0.000157 0.435993 0.000877 0.078852 0.000239 0.526652 0.001276 6.682902 0.011655
2.400000 0.064516 0.000160 0.441543 0.000889 0.079910 0.000243 0.533465 0.001297 6.679823 0.011682
