=== TRANSFORMATIONS ===

ROTATIONS 12 13 23:

chi(0) -->	1 chi(0)	1 chi(0)	1 chi(0)
chi(1) -->	1 chi(2)	1 chi(3)	1 chi(1)
chi(2) -->	-1 chi(1)	1 chi(2)	1 chi(3)
chi(3) -->	1 chi(3)	-1 chi(1)	-1 chi(2)
chi(123) -->	1 chi(123)	1 chi(123)	1 chi(123)
chi(23) -->	-1 chi(13)	1 chi(12)	1 chi(23)
chi(13) -->	1 chi(23)	1 chi(13)	-1 chi(12)
chi(12) -->	1 chi(12)	-1 chi(23)	1 chi(13)

SHIFTS IN 1 2 3:

chi(0) -->	1 chi(1)	1 chi(2)	1 chi(3)
chi(1) -->	1 chi(0)	1 chi(12)	1 chi(13)
chi(2) -->	-1 chi(12)	1 chi(0)	1 chi(23)
chi(3) -->	-1 chi(13)	-1 chi(23)	1 chi(0)
chi(123) -->	1 chi(23)	-1 chi(13)	1 chi(12)
chi(23) -->	1 chi(123)	-1 chi(3)	1 chi(2)
chi(13) -->	-1 chi(3)	-1 chi(123)	1 chi(1)
chi(12) -->	-1 chi(2)	1 chi(1)	1 chi(123)

=== 8 REP ===

S1:

 0  1  0  0  0  0  0  0
 1  0  0  0  0  0  0  0
 0  0  0  0  0  0  0 -1
 0  0  0  0  0  0 -1  0
 0  0  0  0  0  1  0  0
 0  0  0  0  1  0  0  0
 0  0  0 -1  0  0  0  0
 0  0 -1  0  0  0  0  0

S2:

 0  0  1  0  0  0  0  0
 0  0  0  0  0  0  0  1
 1  0  0  0  0  0  0  0
 0  0  0  0  0 -1  0  0
 0  0  0  0  0  0 -1  0
 0  0  0 -1  0  0  0  0
 0  0  0  0 -1  0  0  0
 0  1  0  0  0  0  0  0

S3:

 0  0  0  1  0  0  0  0
 0  0  0  0  0  0  1  0
 0  0  0  0  0  1  0  0
 1  0  0  0  0  0  0  0
 0  0  0  0  0  0  0  1
 0  0  1  0  0  0  0  0
 0  1  0  0  0  0  0  0
 0  0  0  0  1  0  0  0

R12:

 1  0  0  0  0  0  0  0
 0  0  1  0  0  0  0  0
 0 -1  0  0  0  0  0  0
 0  0  0  1  0  0  0  0
 0  0  0  0  1  0  0  0
 0  0  0  0  0  0 -1  0
 0  0  0  0  0  1  0  0
 0  0  0  0  0  0  0  1

R13:

 1  0  0  0  0  0  0  0
 0  0  0  1  0  0  0  0
 0  0  1  0  0  0  0  0
 0 -1  0  0  0  0  0  0
 0  0  0  0  1  0  0  0
 0  0  0  0  0  0  0  1
 0  0  0  0  0  0  1  0
 0  0  0  0  0 -1  0  0

R23:

 1  0  0  0  0  0  0  0
 0  1  0  0  0  0  0  0
 0  0  0  1  0  0  0  0
 0  0 -1  0  0  0  0  0
 0  0  0  0  1  0  0  0
 0  0  0  0  0  1  0  0
 0  0  0  0  0  0  0 -1
 0  0  0  0  0  0  1  0
