0.000000 0.000000 0.000000 0.000000 0.000000 0.000792 0.000000 0.000091 0.000000 0.000000 0.000000
0.005000 0.000012 0.000000 0.000029 0.000000 0.000021 0.000000 0.000058 0.000000 2.837201 0.000303
0.010000 0.000041 0.000000 0.000117 0.000000 0.000069 0.000000 0.000232 0.000000 3.374763 0.000377
0.015000 0.000079 0.000000 0.000261 0.000000 0.000122 0.000000 0.000514 0.000000 4.198262 0.000496
0.020000 0.000122 0.000000 0.000459 0.000000 0.000178 0.000000 0.000900 0.000000 5.044639 0.000632
0.025000 0.000168 0.000000 0.000710 0.000000 0.000235 0.000000 0.001384 0.000000 5.889051 0.000786
0.030000 0.000216 0.000000 0.001012 0.000000 0.000292 0.000000 0.001961 0.000000 6.722004 0.000957
0.035000 0.000265 0.000000 0.001363 0.000000 0.000348 0.000000 0.002624 0.000000 7.541001 0.001143
0.040000 0.000315 0.000000 0.001761 0.000000 0.000404 0.000000 0.003368 0.000001 8.345850 0.001343
0.045000 0.000366 0.000000 0.002204 0.000000 0.000458 0.000000 0.004185 0.000001 9.136811 0.001551
0.050000 0.000417 0.000000 0.002690 0.000000 0.000511 0.000000 0.005071 0.000001 9.913838 0.001774
0.055000 0.000468 0.000000 0.003218 0.000001 0.000564 0.000000 0.006018 0.000001 10.676554 0.002009
0.060000 0.000519 0.000000 0.003784 0.000001 0.000615 0.000000 0.007022 0.000002 11.424343 0.002240
0.065000 0.000570 0.000000 0.004387 0.000001 0.000664 0.000000 0.008076 0.000002 12.156495 0.002482
0.070000 0.000621 0.000000 0.005026 0.000001 0.000713 0.000000 0.009175 0.000002 12.872075 0.002731
0.075000 0.000672 0.000000 0.005698 0.000001 0.000760 0.000000 0.010314 0.000003 13.570133 0.002991
0.080000 0.000723 0.000000 0.006400 0.000001 0.000806 0.000000 0.011487 0.000003 14.249848 0.003238
0.085000 0.000773 0.000000 0.007133 0.000002 0.000851 0.000000 0.012690 0.000004 14.910396 0.003506
0.090000 0.000823 0.000000 0.007893 0.000002 0.000895 0.000000 0.013918 0.000004 15.551029 0.003773
0.095000 0.000872 0.000000 0.008679 0.000002 0.000938 0.000000 0.015167 0.000005 16.171164 0.004028
0.100000 0.000921 0.000000 0.009489 0.000002 0.000980 0.000000 0.016434 0.000006 16.770366 0.004311
0.105000 0.000970 0.000000 0.010321 0.000003 0.001021 0.000000 0.017714 0.000006 17.348066 0.004584
0.110000 0.001019 0.000000 0.011175 0.000003 0.001061 0.000000 0.019004 0.000007 17.903974 0.004862
0.115000 0.001067 0.000000 0.012049 0.000003 0.001101 0.000000 0.020301 0.000008 18.437932 0.005143
0.120000 0.001114 0.000000 0.012940 0.000004 0.001140 0.000000 0.021603 0.000009 18.949792 0.005425
0.125000 0.001162 0.000000 0.013848 0.000004 0.001178 0.000001 0.022907 0.000009 19.439546 0.005711
0.130000 0.001209 0.000000 0.014772 0.000004 0.001216 0.000001 0.024211 0.000010 19.907378 0.006008
0.135000 0.001255 0.000000 0.015710 0.000005 0.001254 0.000001 0.025513 0.000011 20.353324 0.006306
0.140000 0.001301 0.000000 0.016662 0.000005 0.001290 0.000001 0.026810 0.000012 20.777637 0.006605
0.145000 0.001347 0.000000 0.017625 0.000006 0.001327 0.000001 0.028103 0.000013 21.180656 0.006905
0.150000 0.001393 0.000000 0.018600 0.000006 0.001363 0.000001 0.029388 0.000014 21.562781 0.007201
0.155000 0.001438 0.000000 0.019584 0.000007 0.001399 0.000001 0.030666 0.000015 21.924489 0.007519
0.160000 0.001483 0.000000 0.020578 0.000007 0.001434 0.000001 0.031935 0.000016 22.266106 0.007837
0.165000 0.001528 0.000000 0.021580 0.000008 0.001470 0.000001 0.033195 0.000017 22.588271 0.008144
0.170000 0.001572 0.000000 0.022589 0.000008 0.001505 0.000001 0.034444 0.000019 22.891539 0.008476
0.175000 0.001616 0.000001 0.023606 0.000009 0.001540 0.000001 0.035683 0.000020 23.176409 0.008809
0.180000 0.001660 0.000001 0.024628 0.000009 0.001575 0.000001 0.036911 0.000021 23.443557 0.009137
0.185000 0.001704 0.000001 0.025656 0.000010 0.001609 0.000001 0.038128 0.000022 23.693685 0.009471
0.190000 0.001747 0.000001 0.026689 0.000010 0.001644 0.000001 0.039334 0.000023 23.927310 0.009782
0.195000 0.001790 0.000001 0.027726 0.000011 0.001679 0.000001 0.040529 0.000025 24.144964 0.010126
0.200000 0.001833 0.000001 0.028767 0.000012 0.001713 0.000001 0.041712 0.000026 24.347598 0.010470
0.205000 0.001876 0.000001 0.029812 0.000012 0.001748 0.000001 0.042885 0.000027 24.535702 0.010778
0.210000 0.001919 0.000001 0.030859 0.000013 0.001783 0.000001 0.044046 0.000029 24.709893 0.011123
0.215000 0.001961 0.000001 0.031909 0.000014 0.001817 0.000001 0.045198 0.000030 24.870853 0.011473
0.220000 0.002003 0.000001 0.032961 0.000014 0.001852 0.000001 0.046338 0.000032 25.019255 0.011797
0.225000 0.002045 0.000001 0.034015 0.000015 0.001887 0.000001 0.047469 0.000033 25.155641 0.012116
0.230000 0.002087 0.000001 0.035071 0.000016 0.001922 0.000001 0.048591 0.000034 25.280508 0.012436
0.235000 0.002129 0.000001 0.036128 0.000017 0.001957 0.000001 0.049703 0.000036 25.394834 0.012810
0.240000 0.002170 0.000001 0.037186 0.000017 0.001993 0.000001 0.050807 0.000037 25.498954 0.013121
0.245000 0.002212 0.000001 0.038244 0.000018 0.002028 0.000001 0.051902 0.000039 25.593321 0.013376
0.250000 0.002253 0.000001 0.039304 0.000019 0.002064 0.000001 0.052990 0.000040 25.678614 0.013729
0.255000 0.002294 0.000001 0.040364 0.000020 0.002099 0.000002 0.054070 0.000042 25.755375 0.014094
0.260000 0.002335 0.000001 0.041424 0.000020 0.002135 0.000002 0.055143 0.000044 25.824025 0.014373
0.265000 0.002376 0.000001 0.042485 0.000021 0.002172 0.000002 0.056211 0.000045 25.885176 0.014652
0.270000 0.002417 0.000001 0.043545 0.000022 0.002208 0.000002 0.057272 0.000047 25.939326 0.014968
0.275000 0.002458 0.000001 0.044606 0.000023 0.002245 0.000002 0.058328 0.000048 25.986538 0.015185
0.280000 0.002499 0.000001 0.045666 0.000024 0.002282 0.000002 0.059379 0.000050 26.027716 0.015473
0.285000 0.002540 0.000001 0.046727 0.000025 0.002319 0.000002 0.060425 0.000052 26.062923 0.015759
0.290000 0.002580 0.000001 0.047787 0.000026 0.002356 0.000002 0.061467 0.000053 26.092977 0.016034
0.295000 0.002621 0.000001 0.048846 0.000027 0.002393 0.000002 0.062506 0.000055 26.117919 0.016306
0.300000 0.002662 0.000001 0.049905 0.000027 0.002431 0.000002 0.063542 0.000056 26.137830 0.016515
0.305000 0.002702 0.000001 0.050964 0.000028 0.002469 0.000002 0.064575 0.000058 26.153686 0.016775
0.310000 0.002742 0.000001 0.052023 0.000029 0.002508 0.000002 0.065606 0.000060 26.165226 0.016993
0.315000 0.002783 0.000001 0.053081 0.000030 0.002546 0.000002 0.066634 0.000062 26.173484 0.017236
0.320000 0.002823 0.000001 0.054138 0.000031 0.002585 0.000002 0.067662 0.000063 26.178033 0.017452
0.325000 0.002864 0.000001 0.055195 0.000032 0.002624 0.000002 0.068688 0.000065 26.179198 0.017637
0.330000 0.002904 0.000001 0.056251 0.000033 0.002663 0.000002 0.069713 0.000067 26.177720 0.017781
0.335000 0.002944 0.000001 0.057308 0.000034 0.002703 0.000003 0.070738 0.000069 26.173291 0.017982
0.340000 0.002985 0.000001 0.058363 0.000035 0.002743 0.000003 0.071763 0.000070 26.166415 0.018248
0.345000 0.003025 0.000001 0.059418 0.000036 0.002783 0.000003 0.072787 0.000072 26.157411 0.018411
0.350000 0.003065 0.000002 0.060473 0.000037 0.002823 0.000003 0.073813 0.000074 26.146410 0.018632
0.355000 0.003106 0.000002 0.061527 0.000038 0.002864 0.000003 0.074839 0.000076 26.133605 0.018711
0.360000 0.003146 0.000002 0.062581 0.000039 0.002905 0.000003 0.075866 0.000077 26.118606 0.018892
0.365000 0.003186 0.000002 0.063635 0.000040 0.002946 0.000003 0.076894 0.000079 26.102185 0.019106
0.370000 0.003227 0.000002 0.064688 0.000041 0.002988 0.000003 0.077924 0.000081 26.085008 0.019140
0.375000 0.003267 0.000002 0.065741 0.000042 0.003029 0.000003 0.078956 0.000083 26.066120 0.019335
0.380000 0.003308 0.000002 0.066793 0.000044 0.003071 0.000003 0.079989 0.000085 26.045719 0.019479
0.385000 0.003348 0.000002 0.067846 0.000045 0.003114 0.000003 0.081024 0.000087 26.024343 0.019534
0.390000 0.003388 0.000002 0.068898 0.000046 0.003156 0.000003 0.082062 0.000088 26.002801 0.019735
0.395000 0.003429 0.000002 0.069950 0.000047 0.003199 0.000003 0.083103 0.000090 25.980670 0.019919
0.400000 0.003469 0.000002 0.071002 0.000048 0.003242 0.000004 0.084147 0.000092 25.957109 0.019906
0.405000 0.003510 0.000002 0.072053 0.000049 0.003285 0.000004 0.085191 0.000094 25.932723 0.020017
0.410000 0.003551 0.000002 0.073105 0.000050 0.003329 0.000004 0.086240 0.000096 25.908857 0.020252
0.415000 0.003591 0.000002 0.074157 0.000051 0.003373 0.000004 0.087293 0.000098 25.884234 0.020266
0.420000 0.003632 0.000002 0.075209 0.000052 0.003417 0.000004 0.088348 0.000100 25.858842 0.020410
0.425000 0.003673 0.000002 0.076260 0.000054 0.003461 0.000004 0.089407 0.000102 25.833700 0.020515
0.430000 0.003713 0.000002 0.077312 0.000055 0.003506 0.000004 0.090468 0.000104 25.807842 0.020446
0.435000 0.003754 0.000002 0.078364 0.000056 0.003551 0.000004 0.091534 0.000106 25.782266 0.020580
0.440000 0.003795 0.000002 0.079417 0.000057 0.003596 0.000004 0.092603 0.000108 25.756628 0.020715
0.445000 0.003836 0.000002 0.080469 0.000058 0.003641 0.000004 0.093676 0.000110 25.730471 0.020852
0.450000 0.003877 0.000002 0.081522 0.000059 0.003687 0.000004 0.094753 0.000111 25.704972 0.020844
0.455000 0.003918 0.000002 0.082575 0.000061 0.003732 0.000005 0.095834 0.000114 25.678726 0.020947
0.460000 0.003959 0.000002 0.083628 0.000062 0.003778 0.000005 0.096919 0.000115 25.653134 0.021044
0.465000 0.004000 0.000002 0.084682 0.000063 0.003825 0.000005 0.098006 0.000117 25.627794 0.021042
0.470000 0.004041 0.000003 0.085736 0.000064 0.003871 0.000005 0.099099 0.000119 25.602597 0.021249
0.475000 0.004082 0.000003 0.086790 0.000066 0.003918 0.000005 0.100196 0.000121 25.577479 0.021198
0.480000 0.004124 0.000003 0.087845 0.000067 0.003965 0.000005 0.101297 0.000124 25.551522 0.021268
0.485000 0.004165 0.000003 0.088900 0.000068 0.004012 0.000005 0.102403 0.000125 25.527245 0.021415
0.490000 0.004206 0.000003 0.089956 0.000069 0.004059 0.000005 0.103511 0.000127 25.502878 0.021356
0.495000 0.004248 0.000003 0.091013 0.000071 0.004107 0.000005 0.104625 0.000129 25.478298 0.021518
0.500000 0.004289 0.000003 0.092070 0.000072 0.004155 0.000005 0.105743 0.000131 25.453781 0.021530
0.505000 0.004331 0.000003 0.093128 0.000073 0.004203 0.000005 0.106865 0.000133 25.430911 0.021606
0.510000 0.004372 0.000003 0.094186 0.000074 0.004251 0.000006 0.107991 0.000135 25.407760 0.021568
0.515000 0.004414 0.000003 0.095245 0.000076 0.004299 0.000006 0.109121 0.000137 25.383571 0.021597
0.520000 0.004456 0.000003 0.096305 0.000077 0.004348 0.000006 0.110257 0.000139 25.361159 0.021870
0.525000 0.004498 0.000003 0.097366 0.000078 0.004397 0.000006 0.111396 0.000141 25.339370 0.021809
0.530000 0.004540 0.000003 0.098427 0.000079 0.004446 0.000006 0.112540 0.000143 25.317012 0.021704
0.535000 0.004582 0.000003 0.099489 0.000081 0.004495 0.000006 0.113688 0.000145 25.295124 0.021823
0.540000 0.004624 0.000003 0.100552 0.000082 0.004544 0.000006 0.114839 0.000147 25.273449 0.021854
0.545000 0.004666 0.000003 0.101616 0.000083 0.004594 0.000006 0.115995 0.000149 25.252796 0.021929
0.550000 0.004708 0.000003 0.102680 0.000085 0.004644 0.000006 0.117157 0.000151 25.232390 0.021988
0.555000 0.004750 0.000003 0.103746 0.000086 0.004694 0.000006 0.118321 0.000153 25.211028 0.021983
0.560000 0.004793 0.000003 0.104812 0.000087 0.004744 0.000006 0.119490 0.000155 25.192005 0.022216
0.565000 0.004835 0.000004 0.105880 0.000089 0.004794 0.000007 0.120665 0.000157 25.173110 0.022054
0.570000 0.004877 0.000004 0.106948 0.000090 0.004845 0.000007 0.121843 0.000159 25.153286 0.021964
0.575000 0.004920 0.000004 0.108017 0.000091 0.004895 0.000007 0.123025 0.000161 25.134656 0.022353
0.580000 0.004963 0.000004 0.109087 0.000093 0.004946 0.000007 0.124210 0.000163 25.116197 0.022345
0.585000 0.005005 0.000004 0.110159 0.000094 0.004997 0.000007 0.125400 0.000165 25.098025 0.022090
0.590000 0.005048 0.000004 0.111231 0.000095 0.005048 0.000007 0.126596 0.000167 25.080247 0.022162
0.595000 0.005091 0.000004 0.112304 0.000097 0.005100 0.000007 0.127793 0.000169 25.062713 0.022359
0.600000 0.005134 0.000004 0.113379 0.000098 0.005151 0.000007 0.128993 0.000171 25.045336 0.022374
0.605000 0.005177 0.000004 0.114454 0.000099 0.005203 0.000007 0.130204 0.000173 25.029200 0.022563
0.610000 0.005220 0.000004 0.115531 0.000101 0.005254 0.000007 0.131415 0.000174 25.013887 0.022412
0.615000 0.005263 0.000004 0.116609 0.000102 0.005306 0.000008 0.132627 0.000177 24.996944 0.022256
0.620000 0.005306 0.000004 0.117687 0.000104 0.005359 0.000008 0.133846 0.000179 24.980689 0.022447
0.625000 0.005349 0.000004 0.118767 0.000105 0.005411 0.000008 0.135068 0.000180 24.966442 0.022528
0.630000 0.005393 0.000004 0.119849 0.000106 0.005463 0.000008 0.136296 0.000183 24.952060 0.022655
0.635000 0.005436 0.000004 0.120931 0.000108 0.005516 0.000008 0.137525 0.000185 24.936544 0.022724
0.640000 0.005479 0.000004 0.122014 0.000109 0.005568 0.000008 0.138762 0.000187 24.923269 0.022609
0.645000 0.005523 0.000004 0.123099 0.000110 0.005621 0.000008 0.140001 0.000188 24.909103 0.022679
0.650000 0.005567 0.000004 0.124185 0.000112 0.005675 0.000008 0.141240 0.000190 24.893677 0.022860
0.655000 0.005610 0.000005 0.125272 0.000113 0.005727 0.000008 0.142486 0.000192 24.881582 0.022696
0.660000 0.005654 0.000005 0.126360 0.000115 0.005781 0.000008 0.143734 0.000194 24.868998 0.022728
0.665000 0.005698 0.000005 0.127450 0.000116 0.005834 0.000008 0.144989 0.000196 24.855422 0.022804
0.670000 0.005742 0.000005 0.128541 0.000117 0.005888 0.000009 0.146246 0.000198 24.843269 0.022834
0.675000 0.005786 0.000005 0.129633 0.000119 0.005941 0.000009 0.147504 0.000200 24.831076 0.022811
0.680000 0.005830 0.000005 0.130726 0.000120 0.005995 0.000009 0.148770 0.000202 24.820027 0.022917
0.685000 0.005874 0.000005 0.131820 0.000122 0.006049 0.000009 0.150037 0.000204 24.808283 0.023142
0.690000 0.005918 0.000005 0.132916 0.000123 0.006103 0.000009 0.151308 0.000206 24.796374 0.023237
0.695000 0.005962 0.000005 0.134013 0.000124 0.006157 0.000009 0.152583 0.000208 24.785613 0.023028
0.700000 0.006007 0.000005 0.135112 0.000126 0.006211 0.000009 0.153861 0.000210 24.774415 0.023239
0.705000 0.006051 0.000005 0.136211 0.000127 0.006266 0.000009 0.155141 0.000211 24.764592 0.023360
0.710000 0.006095 0.000005 0.137312 0.000129 0.006320 0.000009 0.156424 0.000213 24.753221 0.023195
0.715000 0.006140 0.000005 0.138414 0.000130 0.006375 0.000009 0.157714 0.000216 24.744077 0.023439
0.720000 0.006185 0.000005 0.139518 0.000132 0.006430 0.000010 0.159006 0.000217 24.734454 0.023535
0.725000 0.006229 0.000005 0.140623 0.000133 0.006485 0.000010 0.160301 0.000220 24.723941 0.023579
0.730000 0.006274 0.000005 0.141729 0.000134 0.006539 0.000010 0.161598 0.000221 24.715491 0.023389
0.735000 0.006319 0.000005 0.142836 0.000136 0.006595 0.000010 0.162898 0.000223 24.706000 0.023595
0.740000 0.006364 0.000006 0.143945 0.000137 0.006650 0.000010 0.164206 0.000226 24.697282 0.023739
0.745000 0.006409 0.000006 0.145055 0.000139 0.006705 0.000010 0.165513 0.000228 24.688530 0.023644
0.750000 0.006454 0.000006 0.146167 0.000140 0.006760 0.000010 0.166820 0.000229 24.680260 0.023746
0.755000 0.006499 0.000006 0.147280 0.000142 0.006816 0.000010 0.168136 0.000232 24.670967 0.023957
0.760000 0.006544 0.000006 0.148394 0.000143 0.006872 0.000010 0.169450 0.000233 24.662618 0.023935
0.765000 0.006589 0.000006 0.149509 0.000145 0.006927 0.000011 0.170773 0.000235 24.657662 0.024149
0.770000 0.006635 0.000006 0.150626 0.000146 0.006983 0.000011 0.172098 0.000237 24.649416 0.024274
0.775000 0.006680 0.000006 0.151744 0.000147 0.007039 0.000011 0.173419 0.000239 24.639671 0.024108
0.780000 0.006725 0.000006 0.152864 0.000149 0.007095 0.000011 0.174748 0.000241 24.633161 0.024432
0.785000 0.006771 0.000006 0.153985 0.000150 0.007151 0.000011 0.176083 0.000244 24.626254 0.024423
0.790000 0.006817 0.000006 0.155107 0.000152 0.007207 0.000011 0.177413 0.000245 24.619711 0.024709
0.795000 0.006862 0.000006 0.156230 0.000153 0.007264 0.000011 0.178749 0.000246 24.613027 0.024865
0.800000 0.006908 0.000006 0.157355 0.000155 0.007321 0.000011 0.180095 0.000250 24.605985 0.024648
0.805000 0.006954 0.000006 0.158482 0.000156 0.007377 0.000011 0.181438 0.000251 24.600239 0.024700
0.810000 0.007000 0.000006 0.159609 0.000158 0.007433 0.000012 0.182780 0.000252 24.594664 0.025222
0.815000 0.007046 0.000006 0.160738 0.000159 0.007490 0.000012 0.184127 0.000256 24.587994 0.025078
0.820000 0.007091 0.000007 0.161869 0.000161 0.007547 0.000012 0.185483 0.000257 24.581685 0.024972
0.825000 0.007138 0.000007 0.163000 0.000162 0.007604 0.000012 0.186835 0.000259 24.575493 0.025553
0.830000 0.007184 0.000007 0.164133 0.000164 0.007661 0.000012 0.188189 0.000261 24.569833 0.025443
0.835000 0.007230 0.000007 0.165268 0.000165 0.007717 0.000012 0.189546 0.000263 24.565452 0.025568
0.840000 0.007276 0.000007 0.166403 0.000167 0.007775 0.000012 0.190912 0.000266 24.559157 0.025781
0.845000 0.007322 0.000007 0.167540 0.000168 0.007832 0.000013 0.192279 0.000267 24.555116 0.025760
0.850000 0.007369 0.000007 0.168679 0.000169 0.007889 0.000013 0.193638 0.000269 24.550283 0.026047
0.855000 0.007415 0.000007 0.169818 0.000171 0.007947 0.000013 0.195006 0.000272 24.543892 0.026109
0.860000 0.007462 0.000007 0.170959 0.000172 0.008004 0.000013 0.196386 0.000274 24.540100 0.026468
0.865000 0.007508 0.000007 0.172102 0.000174 0.008062 0.000013 0.197756 0.000275 24.535389 0.026472
0.870000 0.007555 0.000007 0.173246 0.000175 0.008119 0.000013 0.199127 0.000277 24.530350 0.026411
0.875000 0.007602 0.000007 0.174391 0.000177 0.008177 0.000013 0.200512 0.000280 24.526700 0.026922
0.880000 0.007648 0.000007 0.175537 0.000178 0.008235 0.000013 0.201892 0.000282 24.522618 0.027066
0.885000 0.007695 0.000007 0.176685 0.000180 0.008293 0.000014 0.203273 0.000283 24.517664 0.026911
0.890000 0.007742 0.000007 0.177834 0.000181 0.008350 0.000014 0.204659 0.000286 24.513621 0.026980
0.895000 0.007789 0.000008 0.178985 0.000183 0.008409 0.000014 0.206047 0.000288 24.509741 0.027472
0.900000 0.007836 0.000008 0.180136 0.000184 0.008467 0.000014 0.207434 0.000290 24.505676 0.027634
0.905000 0.007883 0.000008 0.181289 0.000186 0.008525 0.000014 0.208834 0.000293 24.503176 0.027617
0.910000 0.007930 0.000008 0.182444 0.000187 0.008583 0.000014 0.210228 0.000295 24.499357 0.027981
0.915000 0.007977 0.000008 0.183600 0.000189 0.008641 0.000014 0.211624 0.000296 24.495599 0.028103
0.920000 0.008025 0.000008 0.184757 0.000190 0.008699 0.000015 0.213021 0.000300 24.491953 0.028085
0.925000 0.008072 0.000008 0.185915 0.000192 0.008758 0.000015 0.214418 0.000302 24.488350 0.028479
0.930000 0.008119 0.000008 0.187075 0.000193 0.008816 0.000015 0.215829 0.000302 24.486094 0.028470
0.935000 0.008167 0.000008 0.188236 0.000195 0.008875 0.000015 0.217229 0.000306 24.482275 0.028688
0.940000 0.008214 0.000008 0.189398 0.000196 0.008933 0.000015 0.218631 0.000308 24.478843 0.028918
0.945000 0.008262 0.000008 0.190562 0.000198 0.008992 0.000015 0.220050 0.000310 24.476881 0.029054
0.950000 0.008309 0.000008 0.191727 0.000199 0.009051 0.000016 0.221459 0.000312 24.473683 0.029304
0.955000 0.008357 0.000008 0.192893 0.000201 0.009110 0.000016 0.222868 0.000314 24.470729 0.029435
0.960000 0.008405 0.000008 0.194060 0.000202 0.009168 0.000016 0.224289 0.000317 24.468773 0.029717
0.965000 0.008453 0.000009 0.195229 0.000204 0.009227 0.000016 0.225701 0.000320 24.465608 0.029792
0.970000 0.008500 0.000009 0.196399 0.000205 0.009286 0.000016 0.227120 0.000321 24.462962 0.029927
0.975000 0.008548 0.000009 0.197571 0.000207 0.009345 0.000016 0.228546 0.000323 24.461139 0.030285
0.980000 0.008596 0.000009 0.198743 0.000208 0.009404 0.000016 0.229962 0.000326 24.458234 0.030387
0.985000 0.008644 0.000009 0.199917 0.000210 0.009464 0.000017 0.231392 0.000328 24.456298 0.030417
0.990000 0.008692 0.000009 0.201092 0.000212 0.009523 0.000017 0.232824 0.000329 24.454717 0.030535
0.995000 0.008740 0.000009 0.202269 0.000213 0.009582 0.000017 0.234238 0.000333 24.451175 0.031067
1.000000 0.008789 0.000009 0.203447 0.000215 0.009641 0.000017 0.235674 0.000336 24.449507 0.031236
1.005000 0.008837 0.000009 0.204626 0.000216 0.009701 0.000017 0.237107 0.000337 24.447897 0.031029
1.010000 0.008885 0.000009 0.205806 0.000218 0.009760 0.000017 0.238546 0.000339 24.446550 0.031521
1.015000 0.008933 0.000009 0.206987 0.000219 0.009820 0.000018 0.239979 0.000342 24.444243 0.031586
1.020000 0.008982 0.000009 0.208170 0.000221 0.009879 0.000018 0.241402 0.000344 24.441115 0.031615
1.025000 0.009030 0.000009 0.209354 0.000222 0.009939 0.000018 0.242846 0.000345 24.440024 0.032138
1.030000 0.009079 0.000009 0.210539 0.000224 0.009998 0.000018 0.244300 0.000348 24.439809 0.032243
1.035000 0.009127 0.000010 0.211726 0.000225 0.010058 0.000018 0.245731 0.000354 24.436906 0.032409
1.040000 0.009176 0.000010 0.212914 0.000227 0.010118 0.000018 0.247168 0.000354 24.434737 0.032530
1.045000 0.009225 0.000010 0.214103 0.000228 0.010178 0.000019 0.248627 0.000354 24.434745 0.032700
1.050000 0.009273 0.000010 0.215293 0.000230 0.010238 0.000019 0.250072 0.000359 24.432851 0.032878
1.055000 0.009322 0.000010 0.216484 0.000231 0.010297 0.000019 0.251517 0.000361 24.431302 0.033164
1.060000 0.009371 0.000010 0.217677 0.000233 0.010357 0.000019 0.252963 0.000361 24.429503 0.033130
1.065000 0.009420 0.000010 0.218871 0.000235 0.010417 0.000019 0.254411 0.000365 24.427725 0.033290
1.070000 0.009469 0.000010 0.220066 0.000236 0.010477 0.000019 0.255869 0.000371 24.427272 0.033826
1.075000 0.009518 0.000010 0.221262 0.000238 0.010538 0.000020 0.257329 0.000370 24.426363 0.033650
1.080000 0.009567 0.000010 0.222459 0.000239 0.010598 0.000020 0.258776 0.000371 24.424300 0.033993
1.085000 0.009616 0.000010 0.223658 0.000241 0.010658 0.000020 0.260230 0.000377 24.423142 0.034258
1.090000 0.009665 0.000010 0.224858 0.000242 0.010718 0.000020 0.261700 0.000376 24.422977 0.034364
1.095000 0.009714 0.000010 0.226059 0.000244 0.010778 0.000020 0.263156 0.000379 24.421542 0.034418
1.100000 0.009764 0.000011 0.227261 0.000245 0.010839 0.000021 0.264621 0.000382 24.421045 0.034566
1.105000 0.009813 0.000011 0.228465 0.000247 0.010899 0.000021 0.266079 0.000383 24.419602 0.035052
1.110000 0.009862 0.000011 0.229669 0.000249 0.010959 0.000021 0.267534 0.000388 24.417819 0.035003
1.115000 0.009912 0.000011 0.230875 0.000250 0.011020 0.000021 0.269011 0.000390 24.417970 0.035084
1.120000 0.009961 0.000011 0.232082 0.000252 0.011080 0.000021 0.270476 0.000392 24.416903 0.035413
1.125000 0.010010 0.000011 0.233290 0.000253 0.011141 0.000021 0.271937 0.000394 24.415547 0.035575
1.130000 0.010060 0.000011 0.234499 0.000255 0.011201 0.000022 0.273408 0.000397 24.414889 0.035797
1.135000 0.010110 0.000011 0.235709 0.000256 0.011262 0.000022 0.274883 0.000399 24.414544 0.035932
1.140000 0.010159 0.000011 0.236921 0.000258 0.011323 0.000022 0.276357 0.000401 24.413971 0.035843
1.145000 0.010209 0.000011 0.238133 0.000259 0.011383 0.000022 0.277823 0.000402 24.412490 0.036196
1.150000 0.010259 0.000011 0.239347 0.000261 0.011444 0.000022 0.279302 0.000405 24.412456 0.036644
1.155000 0.010308 0.000011 0.240562 0.000263 0.011505 0.000022 0.280772 0.000409 24.411542 0.036380
1.160000 0.010358 0.000012 0.241778 0.000264 0.011565 0.000023 0.282245 0.000412 24.410755 0.036670
1.165000 0.010408 0.000012 0.242995 0.000266 0.011626 0.000023 0.283734 0.000415 24.410852 0.037264
1.170000 0.010458 0.000012 0.244214 0.000267 0.011687 0.000023 0.285217 0.000415 24.410726 0.037253
1.175000 0.010508 0.000012 0.245433 0.000269 0.011748 0.000023 0.286690 0.000417 24.409575 0.037252
1.180000 0.010558 0.000012 0.246654 0.000270 0.011809 0.000023 0.288170 0.000421 24.408859 0.037236
1.185000 0.010608 0.000012 0.247875 0.000272 0.011870 0.000023 0.289650 0.000423 24.408387 0.037625
1.190000 0.010658 0.000012 0.249098 0.000274 0.011931 0.000024 0.291121 0.000427 24.406768 0.037927
1.195000 0.010708 0.000012 0.250322 0.000275 0.011992 0.000024 0.292635 0.000429 24.408985 0.037955
1.200000 0.010759 0.000012 0.251547 0.000277 0.012053 0.000024 0.294112 0.000431 24.407854 0.038015
1.205000 0.010809 0.000012 0.252773 0.000278 0.012114 0.000024 0.295579 0.000431 24.405951 0.038321
1.210000 0.010859 0.000012 0.254000 0.000280 0.012176 0.000024 0.297090 0.000434 24.407458 0.038682
1.215000 0.010909 0.000013 0.255228 0.000282 0.012237 0.000024 0.298574 0.000437 24.406901 0.038562
1.220000 0.010960 0.000013 0.256457 0.000283 0.012298 0.000025 0.300058 0.000440 24.405995 0.038745
1.225000 0.011010 0.000013 0.257687 0.000285 0.012359 0.000025 0.301564 0.000446 24.406775 0.039065
1.230000 0.011061 0.000013 0.258919 0.000286 0.012420 0.000025 0.303042 0.000449 24.405993 0.039096
1.235000 0.011111 0.000013 0.260151 0.000288 0.012482 0.000025 0.304524 0.000447 24.404776 0.039323
1.240000 0.011162 0.000013 0.261384 0.000289 0.012543 0.000025 0.306033 0.000448 24.405444 0.039617
1.245000 0.011212 0.000013 0.262619 0.000291 0.012604 0.000025 0.307535 0.000453 24.406178 0.039585
1.250000 0.011263 0.000013 0.263855 0.000293 0.012666 0.000026 0.309024 0.000454 24.405572 0.039726
1.255000 0.011314 0.000013 0.265091 0.000294 0.012727 0.000026 0.310517 0.000458 24.404702 0.040079
1.260000 0.011364 0.000013 0.266329 0.000296 0.012789 0.000026 0.312011 0.000461 24.404666 0.040094
1.265000 0.011415 0.000013 0.267568 0.000297 0.012850 0.000026 0.313519 0.000462 24.405451 0.040116
1.270000 0.011466 0.000014 0.268807 0.000299 0.012912 0.000026 0.315023 0.000466 24.405396 0.040483
1.275000 0.011517 0.000014 0.270048 0.000301 0.012973 0.000026 0.316511 0.000473 24.404705 0.040847
1.280000 0.011568 0.000014 0.271290 0.000302 0.013035 0.000027 0.318016 0.000469 24.405007 0.040748
1.285000 0.011619 0.000014 0.272533 0.000304 0.013096 0.000027 0.319532 0.000469 24.405977 0.040797
1.290000 0.011670 0.000014 0.273776 0.000305 0.013158 0.000027 0.321034 0.000479 24.405863 0.041039
1.295000 0.011721 0.000014 0.275021 0.000307 0.013220 0.000027 0.322525 0.000481 24.404948 0.041377
1.300000 0.011772 0.000014 0.276267 0.000309 0.013281 0.000027 0.324037 0.000478 24.405863 0.041117
1.305000 0.011823 0.000014 0.277514 0.000310 0.013343 0.000028 0.325551 0.000483 24.405910 0.041488
1.310000 0.011874 0.000014 0.278762 0.000312 0.013405 0.000028 0.327055 0.000486 24.406231 0.042024
1.315000 0.011925 0.000014 0.280010 0.000313 0.013466 0.000028 0.328554 0.000488 24.406132 0.041855
1.320000 0.011976 0.000014 0.281260 0.000315 0.013528 0.000028 0.330056 0.000493 24.405361 0.042147
1.325000 0.012028 0.000015 0.282511 0.000317 0.013590 0.000028 0.331591 0.000493 24.407779 0.041960
1.330000 0.012079 0.000015 0.283763 0.000318 0.013652 0.000028 0.333104 0.000494 24.407911 0.042042
1.335000 0.012130 0.000015 0.285015 0.000320 0.013714 0.000028 0.334588 0.000501 24.406145 0.042643
1.340000 0.012182 0.000015 0.286269 0.000321 0.013775 0.000029 0.336118 0.000505 24.407864 0.042597
1.345000 0.012233 0.000015 0.287524 0.000323 0.013837 0.000029 0.337626 0.000504 24.407464 0.042693
1.350000 0.012285 0.000015 0.288779 0.000324 0.013899 0.000029 0.339133 0.000505 24.407321 0.043084
1.355000 0.012336 0.000015 0.290036 0.000326 0.013961 0.000029 0.340661 0.000512 24.408802 0.043059
1.360000 0.012388 0.000015 0.291293 0.000328 0.014023 0.000029 0.342165 0.000516 24.408665 0.043196
1.365000 0.012439 0.000015 0.292552 0.000329 0.014085 0.000029 0.343692 0.000513 24.409799 0.043190
1.370000 0.012491 0.000015 0.293811 0.000331 0.014147 0.000030 0.345213 0.000516 24.410215 0.043427
1.375000 0.012542 0.000015 0.295071 0.000333 0.014209 0.000030 0.346715 0.000521 24.409411 0.043555
1.380000 0.012594 0.000016 0.296333 0.000334 0.014271 0.000030 0.348234 0.000522 24.409687 0.043519
1.385000 0.012646 0.000016 0.297595 0.000336 0.014333 0.000030 0.349765 0.000526 24.411073 0.043854
1.390000 0.012698 0.000016 0.298858 0.000337 0.014395 0.000030 0.351276 0.000534 24.411113 0.044103
1.395000 0.012749 0.000016 0.300122 0.000339 0.014457 0.000030 0.352800 0.000532 24.411711 0.044156
1.400000 0.012801 0.000016 0.301387 0.000341 0.014519 0.000031 0.354317 0.000533 24.411798 0.044212
1.405000 0.012853 0.000016 0.302653 0.000342 0.014581 0.000031 0.355837 0.000540 24.412000 0.044381
1.410000 0.012905 0.000016 0.303920 0.000344 0.014643 0.000031 0.357374 0.000539 24.413550 0.044685
1.415000 0.012957 0.000016 0.305187 0.000345 0.014706 0.000031 0.358909 0.000540 24.415006 0.044290
1.420000 0.013009 0.000016 0.306456 0.000347 0.014768 0.000031 0.360398 0.000551 24.413187 0.044511
1.425000 0.013061 0.000016 0.307725 0.000349 0.014830 0.000031 0.361917 0.000549 24.413309 0.045351
1.430000 0.013113 0.000017 0.308996 0.000350 0.014892 0.000032 0.363466 0.000549 24.415365 0.044736
1.435000 0.013165 0.000017 0.310267 0.000352 0.014954 0.000032 0.364975 0.000554 24.414521 0.045062
1.440000 0.013217 0.000017 0.311539 0.000353 0.015017 0.000032 0.366511 0.000555 24.415849 0.045248
1.445000 0.013269 0.000017 0.312812 0.000355 0.015079 0.000032 0.368042 0.000561 24.416685 0.045143
1.450000 0.013322 0.000017 0.314086 0.000357 0.015141 0.000032 0.369580 0.000564 24.417784 0.045489
1.455000 0.013374 0.000017 0.315361 0.000358 0.015203 0.000032 0.371084 0.000569 24.417024 0.045330
1.460000 0.013426 0.000017 0.316637 0.000360 0.015266 0.000032 0.372601 0.000571 24.416913 0.045707
1.465000 0.013478 0.000017 0.317913 0.000362 0.015328 0.000033 0.374173 0.000568 24.420187 0.046050
1.470000 0.013531 0.000017 0.319191 0.000363 0.015390 0.000033 0.375680 0.000572 24.418992 0.045572
1.475000 0.013583 0.000017 0.320469 0.000365 0.015453 0.000033 0.377202 0.000577 24.419147 0.045650
1.480000 0.013636 0.000018 0.321748 0.000366 0.015515 0.000033 0.378737 0.000579 24.420067 0.046291
1.485000 0.013688 0.000018 0.323028 0.000368 0.015578 0.000033 0.380254 0.000586 24.419511 0.046439
1.490000 0.013740 0.000018 0.324309 0.000370 0.015640 0.000033 0.381810 0.000590 24.421842 0.046432
1.495000 0.013793 0.000018 0.325590 0.000371 0.015702 0.000033 0.383351 0.000584 24.423185 0.046193
1.500000 0.013845 0.000018 0.326873 0.000373 0.015765 0.000034 0.384857 0.000592 24.421794 0.046424
1.505000 0.013898 0.000018 0.328156 0.000375 0.015827 0.000034 0.386376 0.000600 24.421563 0.046825
1.510000 0.013951 0.000018 0.329440 0.000376 0.015890 0.000034 0.387933 0.000593 24.423571 0.046779
1.515000 0.014003 0.000018 0.330725 0.000378 0.015952 0.000034 0.389476 0.000599 24.424659 0.046607
1.520000 0.014056 0.000018 0.332011 0.000379 0.016015 0.000034 0.391007 0.000604 24.425170 0.046746
1.525000 0.014109 0.000018 0.333298 0.000381 0.016077 0.000034 0.392519 0.000606 24.424287 0.047090
1.530000 0.014161 0.000019 0.334585 0.000383 0.016140 0.000035 0.394057 0.000612 24.425069 0.047248
1.535000 0.014214 0.000019 0.335873 0.000384 0.016202 0.000035 0.395598 0.000608 24.425944 0.046850
1.540000 0.014267 0.000019 0.337162 0.000386 0.016265 0.000035 0.397147 0.000616 24.427396 0.047112
1.545000 0.014320 0.000019 0.338452 0.000388 0.016327 0.000035 0.398688 0.000624 24.427919 0.048003
1.550000 0.014373 0.000019 0.339743 0.000389 0.016390 0.000035 0.400208 0.000619 24.427366 0.047453
1.555000 0.014425 0.000019 0.341034 0.000391 0.016452 0.000035 0.401752 0.000623 24.429010 0.047030
1.560000 0.014478 0.000019 0.342326 0.000393 0.016515 0.000036 0.403269 0.000628 24.428062 0.047947
1.565000 0.014531 0.000019 0.343619 0.000394 0.016578 0.000036 0.404815 0.000632 24.428949 0.047916
1.570000 0.014584 0.000019 0.344913 0.000396 0.016640 0.000036 0.406381 0.000634 24.431153 0.047528
1.575000 0.014637 0.000019 0.346207 0.000397 0.016703 0.000036 0.407907 0.000633 24.431048 0.047999
1.580000 0.014690 0.000020 0.347503 0.000399 0.016766 0.000036 0.409454 0.000638 24.432166 0.048176
1.585000 0.014743 0.000020 0.348799 0.000401 0.016828 0.000036 0.411005 0.000644 24.433204 0.048269
1.590000 0.014797 0.000020 0.350096 0.000402 0.016891 0.000037 0.412529 0.000647 24.432884 0.048085
1.595000 0.014850 0.000020 0.351393 0.000404 0.016954 0.000037 0.414023 0.000652 24.430561 0.048373
1.600000 0.014903 0.000020 0.352692 0.000406 0.017017 0.000037 0.415589 0.000651 24.432693 0.048468
1.605000 0.014956 0.000020 0.353991 0.000407 0.017079 0.000037 0.417183 0.000655 24.436567 0.048314
1.610000 0.015009 0.000020 0.355291 0.000409 0.017142 0.000037 0.418705 0.000667 24.435882 0.048855
1.615000 0.015062 0.000020 0.356592 0.000410 0.017205 0.000037 0.420233 0.000661 24.435856 0.048848
1.620000 0.015116 0.000020 0.357893 0.000412 0.017268 0.000038 0.421764 0.000665 24.435530 0.048914
1.625000 0.015169 0.000020 0.359195 0.000414 0.017331 0.000038 0.423324 0.000672 24.436534 0.048827
1.630000 0.015222 0.000021 0.360498 0.000415 0.017393 0.000038 0.424880 0.000664 24.438334 0.048706
1.635000 0.015276 0.000021 0.361802 0.000417 0.017456 0.000038 0.426419 0.000678 24.438567 0.049337
1.640000 0.015329 0.000021 0.363106 0.000419 0.017519 0.000038 0.427937 0.000684 24.437426 0.049386
1.645000 0.015383 0.000021 0.364411 0.000420 0.017581 0.000039 0.429501 0.000686 24.439760 0.049319
1.650000 0.015436 0.000021 0.365717 0.000422 0.017645 0.000039 0.431062 0.000688 24.440469 0.049403
1.655000 0.015490 0.000021 0.367024 0.000424 0.017708 0.000039 0.432600 0.000682 24.440701 0.049651
1.660000 0.015543 0.000021 0.368331 0.000425 0.017770 0.000039 0.434138 0.000695 24.441551 0.049990
1.665000 0.015597 0.000021 0.369639 0.000427 0.017833 0.000039 0.435682 0.000699 24.441701 0.049296
1.670000 0.015650 0.000021 0.370948 0.000429 0.017896 0.000039 0.437216 0.000700 24.441376 0.049664
1.675000 0.015704 0.000022 0.372257 0.000430 0.017959 0.000040 0.438762 0.000707 24.442024 0.050183
1.680000 0.015757 0.000022 0.373567 0.000432 0.018022 0.000040 0.440355 0.000707 24.444981 0.050034
1.685000 0.015811 0.000022 0.374878 0.000433 0.018085 0.000040 0.441896 0.000712 24.445244 0.050517
1.690000 0.015865 0.000022 0.376190 0.000435 0.018148 0.000040 0.443388 0.000721 24.442875 0.050258
1.695000 0.015918 0.000022 0.377502 0.000437 0.018211 0.000040 0.444968 0.000721 24.444959 0.050293
1.700000 0.015972 0.000022 0.378815 0.000438 0.018274 0.000041 0.446564 0.000718 24.448436 0.050896
1.705000 0.016026 0.000022 0.380128 0.000440 0.018337 0.000041 0.448042 0.000722 24.444423 0.050516
1.710000 0.016080 0.000022 0.381443 0.000442 0.018400 0.000041 0.449602 0.000735 24.445916 0.050542
1.715000 0.016133 0.000022 0.382758 0.000443 0.018463 0.000041 0.451178 0.000735 24.448521 0.050956
1.720000 0.016187 0.000022 0.384073 0.000445 0.018526 0.000041 0.452713 0.000736 24.447695 0.051042
1.725000 0.016241 0.000023 0.385390 0.000447 0.018589 0.000042 0.454283 0.000749 24.448870 0.051300
1.730000 0.016295 0.000023 0.386707 0.000448 0.018652 0.000042 0.455819 0.000747 24.449412 0.050968
1.735000 0.016349 0.000023 0.388025 0.000450 0.018715 0.000042 0.457361 0.000748 24.449561 0.051132
1.740000 0.016403 0.000023 0.389343 0.000452 0.018778 0.000042 0.458940 0.000761 24.451148 0.051706
1.745000 0.016457 0.000023 0.390662 0.000453 0.018841 0.000043 0.460475 0.000761 24.450878 0.051428
1.750000 0.016511 0.000023 0.391982 0.000455 0.018904 0.000043 0.462005 0.000764 24.450253 0.051415
1.755000 0.016565 0.000023 0.393302 0.000457 0.018967 0.000043 0.463573 0.000775 24.451921 0.052041
1.760000 0.016619 0.000023 0.394623 0.000458 0.019031 0.000043 0.465126 0.000773 24.451900 0.052240
1.765000 0.016673 0.000023 0.395945 0.000460 0.019094 0.000043 0.466688 0.000777 24.453320 0.051819
1.770000 0.016727 0.000024 0.397267 0.000462 0.019157 0.000044 0.468257 0.000778 24.454846 0.052265
1.775000 0.016781 0.000024 0.398590 0.000464 0.019220 0.000044 0.469799 0.000774 24.454542 0.052130
1.780000 0.016835 0.000024 0.399914 0.000465 0.019283 0.000044 0.471308 0.000797 24.452823 0.051882
1.785000 0.016890 0.000024 0.401238 0.000467 0.019347 0.000044 0.472900 0.000797 24.455092 0.052372
1.790000 0.016944 0.000024 0.402563 0.000469 0.019410 0.000045 0.474455 0.000800 24.455927 0.052966
1.795000 0.016998 0.000024 0.403889 0.000470 0.019473 0.000045 0.475989 0.000807 24.455420 0.052870
1.800000 0.017052 0.000024 0.405215 0.000472 0.019536 0.000045 0.477566 0.000796 24.457062 0.052539
1.805000 0.017107 0.000024 0.406542 0.000474 0.019599 0.000045 0.479111 0.000814 24.457158 0.052686
1.810000 0.017161 0.000024 0.407870 0.000475 0.019662 0.000046 0.480654 0.000820 24.457116 0.053118
1.815000 0.017215 0.000025 0.409198 0.000477 0.019726 0.000046 0.482225 0.000823 24.458001 0.053186
1.820000 0.017270 0.000025 0.410526 0.000479 0.019789 0.000046 0.483820 0.000826 24.460348 0.053008
1.825000 0.017324 0.000025 0.411856 0.000481 0.019852 0.000046 0.485341 0.000836 24.459693 0.053920
1.830000 0.017378 0.000025 0.413186 0.000482 0.019915 0.000046 0.486844 0.000846 24.457693 0.053876
1.835000 0.017433 0.000025 0.414516 0.000484 0.019979 0.000047 0.488413 0.000832 24.458597 0.053457
1.840000 0.017487 0.000025 0.415848 0.000486 0.020043 0.000047 0.490032 0.000846 24.461426 0.053710
1.845000 0.017542 0.000025 0.417179 0.000487 0.020105 0.000047 0.491565 0.000856 24.461637 0.053712
1.850000 0.017596 0.000025 0.418512 0.000489 0.020169 0.000047 0.493082 0.000851 24.460188 0.053818
1.855000 0.017651 0.000025 0.419845 0.000491 0.020233 0.000048 0.494651 0.000856 24.460057 0.054338
1.860000 0.017705 0.000026 0.421178 0.000493 0.020295 0.000048 0.496265 0.000865 24.464550 0.054178
1.865000 0.017760 0.000026 0.422513 0.000494 0.020358 0.000048 0.497819 0.000874 24.465436 0.054461
1.870000 0.017814 0.000026 0.423848 0.000496 0.020422 0.000048 0.499302 0.000876 24.461051 0.054465
1.875000 0.017869 0.000026 0.425183 0.000498 0.020486 0.000049 0.500865 0.000875 24.461089 0.054147
1.880000 0.017924 0.000026 0.426519 0.000500 0.020549 0.000049 0.502479 0.000885 24.465647 0.054396
1.885000 0.017978 0.000026 0.427856 0.000501 0.020612 0.000049 0.504022 0.000897 24.465262 0.054940
1.890000 0.018033 0.000026 0.429193 0.000503 0.020676 0.000049 0.505554 0.000897 24.463500 0.055507
1.895000 0.018088 0.000026 0.430531 0.000505 0.020739 0.000050 0.507138 0.000894 24.465871 0.054333
1.900000 0.018143 0.000026 0.431869 0.000507 0.020803 0.000050 0.508698 0.000903 24.465768 0.054540
1.905000 0.018197 0.000027 0.433208 0.000508 0.020866 0.000050 0.510262 0.000913 24.466636 0.055472
1.910000 0.018252 0.000027 0.434547 0.000510 0.020929 0.000050 0.511761 0.000916 24.465450 0.055440
1.915000 0.018307 0.000027 0.435887 0.000512 0.020993 0.000051 0.513372 0.000917 24.466963 0.055346
1.920000 0.018362 0.000027 0.437228 0.000514 0.021057 0.000051 0.514948 0.000932 24.467807 0.055814
1.925000 0.018417 0.000027 0.438569 0.000516 0.021120 0.000051 0.516457 0.000932 24.466516 0.055606
1.930000 0.018471 0.000027 0.439911 0.000517 0.021183 0.000052 0.518052 0.000935 24.468670 0.055272
1.935000 0.018526 0.000027 0.441254 0.000519 0.021246 0.000052 0.519589 0.000950 24.468220 0.056063
1.940000 0.018581 0.000027 0.442596 0.000521 0.021311 0.000052 0.521167 0.000937 24.468611 0.055271
1.945000 0.018636 0.000028 0.443940 0.000523 0.021374 0.000052 0.522706 0.000951 24.468332 0.056229
1.950000 0.018691 0.000028 0.445284 0.000525 0.021437 0.000053 0.524235 0.000961 24.467698 0.056126
1.955000 0.018746 0.000028 0.446628 0.000527 0.021501 0.000053 0.525850 0.000955 24.470349 0.056062
1.960000 0.018801 0.000028 0.447974 0.000528 0.021564 0.000053 0.527442 0.000967 24.472270 0.056630
1.965000 0.018856 0.000028 0.449319 0.000530 0.021628 0.000053 0.528941 0.000966 24.469592 0.055877
1.970000 0.018911 0.000028 0.450665 0.000532 0.021691 0.000054 0.530510 0.000972 24.470314 0.056051
1.975000 0.018966 0.000028 0.452012 0.000534 0.021754 0.000054 0.532111 0.001000 24.473069 0.056641
1.980000 0.019021 0.000028 0.453360 0.000536 0.021818 0.000054 0.533630 0.001001 24.471276 0.057023
1.985000 0.019076 0.000029 0.454707 0.000538 0.021883 0.000055 0.535183 0.000982 24.470189 0.056590
1.990000 0.019132 0.000029 0.456056 0.000539 0.021945 0.000055 0.536750 0.000991 24.471679 0.056509
1.995000 0.019187 0.000029 0.457405 0.000541 0.022009 0.000055 0.538305 0.001004 24.472234 0.056979
2.000000 0.019242 0.000029 0.458754 0.000543 0.022073 0.000055 0.539864 0.001010 24.471662 0.057113
2.005000 0.019297 0.000029 0.460104 0.000545 0.022136 0.000056 0.541444 0.001015 24.472906 0.056965
2.010000 0.019352 0.000029 0.461455 0.000547 0.022199 0.000056 0.542988 0.001020 24.473019 0.057442
2.015000 0.019407 0.000029 0.462805 0.000549 0.022263 0.000056 0.544532 0.001019 24.472306 0.057234
2.020000 0.019463 0.000029 0.464157 0.000551 0.022327 0.000057 0.546167 0.001033 24.475164 0.057067
2.025000 0.019518 0.000029 0.465509 0.000553 0.022390 0.000057 0.547725 0.001046 24.475817 0.057522
2.030000 0.019573 0.000030 0.466862 0.000555 0.022454 0.000057 0.549196 0.001033 24.472673 0.058083
2.035000 0.019629 0.000030 0.468215 0.000556 0.022518 0.000058 0.550767 0.001045 24.472899 0.057426
2.040000 0.019684 0.000030 0.469568 0.000558 0.022582 0.000058 0.552424 0.001050 24.477077 0.056747
2.045000 0.019739 0.000030 0.470923 0.000560 0.022645 0.000058 0.553953 0.001064 24.476191 0.057759
2.050000 0.019795 0.000030 0.472277 0.000562 0.022708 0.000058 0.555475 0.001075 24.475216 0.057947
2.055000 0.019850 0.000030 0.473632 0.000564 0.022772 0.000059 0.557077 0.001063 24.477340 0.058177
2.060000 0.019905 0.000030 0.474988 0.000566 0.022836 0.000059 0.558627 0.001072 24.476341 0.057989
2.065000 0.019961 0.000031 0.476344 0.000568 0.022899 0.000059 0.560205 0.001088 24.477508 0.057607
2.070000 0.020016 0.000031 0.477701 0.000570 0.022962 0.000060 0.561667 0.001089 24.474166 0.058358
2.075000 0.020072 0.000031 0.479057 0.000572 0.023026 0.000060 0.563267 0.001084 24.475966 0.058110
2.080000 0.020127 0.000031 0.480415 0.000574 0.023090 0.000060 0.564940 0.001097 24.480816 0.058380
2.085000 0.020183 0.000031 0.481773 0.000576 0.023154 0.000060 0.566452 0.001119 24.478738 0.058343
2.090000 0.020238 0.000031 0.483132 0.000578 0.023218 0.000061 0.567985 0.001108 24.477691 0.058280
2.095000 0.020294 0.000031 0.484491 0.000580 0.023281 0.000061 0.569505 0.001103 24.476372 0.058725
2.100000 0.020350 0.000031 0.485851 0.000582 0.023345 0.000061 0.571166 0.001133 24.480909 0.058371
2.105000 0.020405 0.000032 0.487211 0.000584 0.023408 0.000062 0.572689 0.001128 24.479500 0.058709
2.110000 0.020461 0.000032 0.488571 0.000586 0.023472 0.000062 0.574239 0.001108 24.479656 0.058175
2.115000 0.020516 0.000032 0.489932 0.000588 0.023536 0.000062 0.575834 0.001145 24.480553 0.058723
2.120000 0.020572 0.000032 0.491294 0.000590 0.023599 0.000063 0.577345 0.001159 24.479200 0.059881
2.125000 0.020628 0.000032 0.492656 0.000592 0.023662 0.000063 0.578985 0.001151 24.483133 0.058646
2.130000 0.020683 0.000032 0.494018 0.000594 0.023726 0.000063 0.580475 0.001167 24.479668 0.058648
2.135000 0.020739 0.000032 0.495381 0.000596 0.023789 0.000064 0.582024 0.001155 24.480339 0.058865
2.140000 0.020795 0.000032 0.496744 0.000598 0.023853 0.000064 0.583592 0.001148 24.480549 0.058413
2.145000 0.020851 0.000033 0.498108 0.000601 0.023917 0.000064 0.585200 0.001187 24.482237 0.059375
2.150000 0.020906 0.000033 0.499473 0.000603 0.023980 0.000065 0.586808 0.001189 24.484932 0.059779
2.155000 0.020962 0.000033 0.500837 0.000605 0.024044 0.000065 0.588249 0.001172 24.480188 0.058873
2.160000 0.021018 0.000033 0.502202 0.000607 0.024107 0.000065 0.589836 0.001190 24.481905 0.059220
2.165000 0.021074 0.000033 0.503568 0.000609 0.024171 0.000066 0.591475 0.001201 24.485119 0.059812
2.170000 0.021130 0.000033 0.504934 0.000611 0.024235 0.000066 0.593007 0.001207 24.484233 0.059556
2.175000 0.021185 0.000033 0.506301 0.000613 0.024299 0.000066 0.594563 0.001214 24.483586 0.059041
2.180000 0.021241 0.000034 0.507668 0.000615 0.024362 0.000066 0.596139 0.001213 24.484954 0.058911
2.185000 0.021297 0.000034 0.509035 0.000617 0.024424 0.000067 0.597641 0.001218 24.484026 0.059693
2.190000 0.021353 0.000034 0.510403 0.000620 0.024489 0.000067 0.599251 0.001238 24.485414 0.060722
2.195000 0.021409 0.000034 0.511772 0.000622 0.024552 0.000068 0.600831 0.001230 24.486775 0.059471
2.200000 0.021465 0.000034 0.513140 0.000624 0.024616 0.000068 0.602326 0.001229 24.483963 0.059088
2.205000 0.021521 0.000034 0.514510 0.000626 0.024679 0.000068 0.603999 0.001250 24.489487 0.060029
2.210000 0.021577 0.000034 0.515880 0.000628 0.024742 0.000068 0.605483 0.001228 24.486710 0.059460
2.215000 0.021633 0.000034 0.517249 0.000630 0.024807 0.000069 0.607056 0.001249 24.486718 0.059836
2.220000 0.021689 0.000035 0.518620 0.000633 0.024870 0.000069 0.608675 0.001290 24.489072 0.059294
2.225000 0.021745 0.000035 0.519991 0.000635 0.024933 0.000069 0.610171 0.001260 24.488249 0.059797
2.230000 0.021801 0.000035 0.521363 0.000637 0.024996 0.000070 0.611728 0.001279 24.488713 0.060457
2.235000 0.021857 0.000035 0.522734 0.000639 0.025061 0.000070 0.613298 0.001288 24.487932 0.059792
2.240000 0.021913 0.000035 0.524107 0.000642 0.025124 0.000071 0.614932 0.001291 24.491536 0.059878
2.245000 0.021969 0.000035 0.525479 0.000644 0.025186 0.000071 0.616465 0.001290 24.491548 0.059789
2.250000 0.022025 0.000035 0.526853 0.000646 0.025250 0.000071 0.617972 0.001283 24.490113 0.060454
2.255000 0.022081 0.000036 0.528226 0.000648 0.025314 0.000071 0.619530 0.001312 24.489373 0.060150
2.260000 0.022137 0.000036 0.529600 0.000651 0.025377 0.000072 0.621120 0.001315 24.490851 0.060023
2.265000 0.022194 0.000036 0.530974 0.000653 0.025440 0.000072 0.622686 0.001314 24.492263 0.060627
2.270000 0.022250 0.000036 0.532349 0.000655 0.025503 0.000073 0.624276 0.001335 24.494047 0.060120
2.275000 0.022306 0.000036 0.533724 0.000657 0.025567 0.000073 0.625811 0.001332 24.493445 0.059957
2.280000 0.022362 0.000036 0.535100 0.000660 0.025631 0.000073 0.627309 0.001317 24.490764 0.060311
2.285000 0.022418 0.000036 0.536476 0.000662 0.025694 0.000074 0.628934 0.001343 24.493399 0.061358
2.290000 0.022475 0.000037 0.537852 0.000664 0.025756 0.000074 0.630626 0.001355 24.500221 0.061067
2.295000 0.022531 0.000037 0.539230 0.000667 0.025820 0.000075 0.632000 0.001351 24.492854 0.059147
2.300000 0.022587 0.000037 0.540606 0.000669 0.025884 0.000075 0.633535 0.001359 24.491801 0.060013
2.305000 0.022643 0.000037 0.541984 0.000671 0.025946 0.000075 0.635237 0.001363 24.498994 0.060900
2.310000 0.022700 0.000037 0.543362 0.000674 0.026010 0.000076 0.636726 0.001383 24.496053 0.060878
2.315000 0.022756 0.000037 0.544741 0.000676 0.026074 0.000076 0.638319 0.001390 24.496774 0.060828
2.320000 0.022812 0.000037 0.546119 0.000678 0.026137 0.000076 0.639864 0.001388 24.497570 0.060501
2.325000 0.022869 0.000038 0.547499 0.000681 0.026199 0.000077 0.641352 0.001378 24.496366 0.060577
2.330000 0.022925 0.000038 0.548878 0.000683 0.026263 0.000077 0.642976 0.001394 24.498496 0.060926
2.335000 0.022981 0.000038 0.550258 0.000686 0.026327 0.000077 0.644612 0.001418 24.501039 0.061863
2.340000 0.023038 0.000038 0.551639 0.000688 0.026390 0.000078 0.646098 0.001411 24.499375 0.060979
2.345000 0.023094 0.000038 0.553019 0.000690 0.026452 0.000078 0.647613 0.001426 24.499272 0.060522
2.350000 0.023150 0.000038 0.554400 0.000693 0.026516 0.000078 0.649292 0.001428 24.502881 0.061361
2.355000 0.023207 0.000039 0.555782 0.000695 0.026579 0.000079 0.650729 0.001413 24.499148 0.061025
2.360000 0.023263 0.000039 0.557164 0.000698 0.026641 0.000079 0.652235 0.001446 24.498619 0.061346
2.365000 0.023320 0.000039 0.558546 0.000700 0.026706 0.000080 0.653912 0.001459 24.501659 0.061336
2.370000 0.023376 0.000039 0.559928 0.000703 0.026768 0.000080 0.655458 0.001448 24.503069 0.061290
2.375000 0.023433 0.000039 0.561312 0.000705 0.026831 0.000080 0.657049 0.001455 24.504611 0.061899
2.380000 0.023489 0.000039 0.562695 0.000708 0.026895 0.000081 0.658527 0.001451 24.501355 0.061673
2.385000 0.023546 0.000039 0.564078 0.000710 0.026956 0.000081 0.660027 0.001483 24.501665 0.061475
2.390000 0.023602 0.000040 0.565462 0.000713 0.027021 0.000081 0.661689 0.001493 24.504635 0.061779
2.395000 0.023659 0.000040 0.566847 0.000715 0.027085 0.000082 0.663246 0.001481 24.504298 0.061591
2.400000 0.023715 0.000040 0.568232 0.000717 0.027147 0.000082 0.664712 0.001483 24.502720 0.061149
