0.000000 0.000000 0.000000 0.000000 0.000000 0.000767 0.000000 0.000084 0.000000 0.000000 0.000000
0.005000 0.000012 0.000000 0.000029 0.000000 0.000021 0.000000 0.000058 0.000000 2.840434 0.000282
0.010000 0.000041 0.000000 0.000117 0.000000 0.000069 0.000000 0.000232 0.000000 3.363711 0.000372
0.015000 0.000079 0.000000 0.000261 0.000000 0.000124 0.000000 0.000515 0.000000 4.168347 0.000514
0.020000 0.000123 0.000000 0.000460 0.000000 0.000181 0.000000 0.000903 0.000000 4.999408 0.000666
0.025000 0.000169 0.000000 0.000712 0.000000 0.000238 0.000000 0.001389 0.000000 5.832127 0.000826
0.030000 0.000218 0.000000 0.001015 0.000000 0.000296 0.000000 0.001969 0.000000 6.656050 0.000990
0.035000 0.000267 0.000000 0.001367 0.000000 0.000353 0.000000 0.002636 0.000000 7.467733 0.001164
0.040000 0.000318 0.000000 0.001767 0.000000 0.000409 0.000000 0.003384 0.000000 8.266494 0.001334
0.045000 0.000370 0.000000 0.002213 0.000000 0.000465 0.000000 0.004207 0.000001 9.052252 0.001514
0.050000 0.000421 0.000000 0.002702 0.000000 0.000519 0.000000 0.005100 0.000001 9.824804 0.001703
0.055000 0.000473 0.000000 0.003232 0.000000 0.000572 0.000000 0.006054 0.000001 10.583702 0.001891
0.060000 0.000525 0.000000 0.003802 0.000001 0.000624 0.000000 0.007066 0.000001 11.328333 0.002088
0.065000 0.000577 0.000000 0.004409 0.000001 0.000674 0.000000 0.008129 0.000002 12.057933 0.002295
0.070000 0.000629 0.000000 0.005052 0.000001 0.000723 0.000000 0.009238 0.000002 12.771334 0.002515
0.075000 0.000681 0.000000 0.005728 0.000001 0.000771 0.000000 0.010386 0.000002 13.467771 0.002710
0.080000 0.000732 0.000000 0.006436 0.000001 0.000818 0.000000 0.011570 0.000003 14.146439 0.002939
0.085000 0.000783 0.000000 0.007174 0.000001 0.000863 0.000000 0.012784 0.000003 14.806157 0.003178
0.090000 0.000834 0.000000 0.007939 0.000001 0.000908 0.000000 0.014023 0.000004 15.446428 0.003403
0.095000 0.000884 0.000000 0.008731 0.000002 0.000951 0.000000 0.015284 0.000004 16.066604 0.003647
0.100000 0.000934 0.000000 0.009548 0.000002 0.000994 0.000000 0.016563 0.000005 16.665929 0.003886
0.105000 0.000983 0.000000 0.010387 0.000002 0.001035 0.000000 0.017855 0.000006 17.244074 0.004134
0.110000 0.001032 0.000000 0.011248 0.000002 0.001076 0.000000 0.019157 0.000007 17.800631 0.004384
0.115000 0.001081 0.000000 0.012128 0.000003 0.001116 0.000001 0.020467 0.000007 18.335373 0.004644
0.120000 0.001129 0.000000 0.013027 0.000003 0.001156 0.000001 0.021781 0.000008 18.848167 0.004914
0.125000 0.001177 0.000000 0.013943 0.000003 0.001194 0.000001 0.023096 0.000009 19.338949 0.005181
0.130000 0.001225 0.000000 0.014874 0.000004 0.001232 0.000001 0.024412 0.000010 19.807791 0.005446
0.135000 0.001272 0.000000 0.015820 0.000004 0.001270 0.000001 0.025725 0.000011 20.254822 0.005719
0.140000 0.001319 0.000000 0.016779 0.000005 0.001307 0.000001 0.027033 0.000012 20.680218 0.005996
0.145000 0.001365 0.000000 0.017751 0.000005 0.001344 0.000001 0.028336 0.000013 21.084330 0.006282
0.150000 0.001412 0.000000 0.018733 0.000006 0.001380 0.000001 0.029632 0.000015 21.467521 0.006552
0.155000 0.001458 0.000001 0.019726 0.000006 0.001416 0.000001 0.030919 0.000016 21.830099 0.006835
0.160000 0.001503 0.000001 0.020728 0.000007 0.001452 0.000001 0.032197 0.000017 22.172572 0.007121
0.165000 0.001548 0.000001 0.021738 0.000007 0.001488 0.000001 0.033466 0.000018 22.495546 0.007400
0.170000 0.001593 0.000001 0.022756 0.000008 0.001523 0.000001 0.034723 0.000020 22.799475 0.007683
0.175000 0.001638 0.000001 0.023780 0.000008 0.001558 0.000001 0.035969 0.000021 23.084878 0.007953
0.180000 0.001682 0.000001 0.024811 0.000009 0.001593 0.000001 0.037204 0.000023 23.352417 0.008247
0.185000 0.001726 0.000001 0.025847 0.000009 0.001628 0.000001 0.038427 0.000024 23.602725 0.008530
0.190000 0.001770 0.000001 0.026888 0.000010 0.001663 0.000001 0.039639 0.000026 23.836435 0.008806
0.195000 0.001814 0.000001 0.027933 0.000011 0.001698 0.000001 0.040838 0.000027 24.054156 0.009078
0.200000 0.001857 0.000001 0.028982 0.000012 0.001733 0.000001 0.042026 0.000029 24.256515 0.009347
0.205000 0.001901 0.000001 0.030034 0.000012 0.001767 0.000002 0.043202 0.000031 24.444238 0.009634
0.210000 0.001944 0.000001 0.031089 0.000013 0.001802 0.000002 0.044366 0.000033 24.617896 0.009903
0.215000 0.001986 0.000001 0.032147 0.000014 0.001837 0.000002 0.045519 0.000034 24.778083 0.010182
0.220000 0.002029 0.000001 0.033206 0.000015 0.001872 0.000002 0.046662 0.000036 24.925562 0.010434
0.225000 0.002071 0.000001 0.034268 0.000015 0.001907 0.000002 0.047793 0.000038 25.060860 0.010673
0.230000 0.002114 0.000001 0.035330 0.000016 0.001942 0.000002 0.048915 0.000040 25.184763 0.010957
0.235000 0.002156 0.000001 0.036394 0.000017 0.001978 0.000002 0.050027 0.000042 25.297751 0.011253
0.240000 0.002198 0.000001 0.037459 0.000018 0.002013 0.000002 0.051129 0.000044 25.400044 0.011501
0.245000 0.002240 0.000001 0.038525 0.000019 0.002049 0.000002 0.052223 0.000046 25.492803 0.011690
0.250000 0.002282 0.000001 0.039591 0.000020 0.002084 0.000002 0.053308 0.000048 25.576406 0.011959
0.255000 0.002323 0.000001 0.040657 0.000021 0.002120 0.000002 0.054385 0.000050 25.651106 0.012254
0.260000 0.002365 0.000001 0.041723 0.000022 0.002156 0.000002 0.055455 0.000053 25.717510 0.012471
0.265000 0.002406 0.000001 0.042790 0.000023 0.002193 0.000002 0.056518 0.000055 25.776606 0.012690
0.270000 0.002447 0.000001 0.043856 0.000024 0.002229 0.000003 0.057574 0.000057 25.828305 0.012939
0.275000 0.002489 0.000001 0.044922 0.000025 0.002266 0.000003 0.058624 0.000059 25.873060 0.013202
0.280000 0.002530 0.000001 0.045988 0.000026 0.002303 0.000003 0.059669 0.000062 25.911524 0.013424
0.285000 0.002571 0.000001 0.047053 0.000027 0.002340 0.000003 0.060709 0.000064 25.943827 0.013641
0.290000 0.002612 0.000002 0.048118 0.000028 0.002378 0.000003 0.061744 0.000066 25.971197 0.013929
0.295000 0.002653 0.000002 0.049182 0.000029 0.002415 0.000003 0.062775 0.000069 25.993165 0.014146
0.300000 0.002694 0.000002 0.050246 0.000031 0.002453 0.000003 0.063802 0.000071 26.009817 0.014314
0.305000 0.002735 0.000002 0.051309 0.000032 0.002491 0.000003 0.064826 0.000074 26.022472 0.014540
0.310000 0.002776 0.000002 0.052371 0.000033 0.002530 0.000003 0.065848 0.000076 26.031207 0.014774
0.315000 0.002816 0.000002 0.053433 0.000034 0.002569 0.000003 0.066866 0.000079 26.035742 0.015026
0.320000 0.002857 0.000002 0.054494 0.000035 0.002608 0.000004 0.067884 0.000081 26.036417 0.015264
0.325000 0.002898 0.000002 0.055554 0.000037 0.002647 0.000004 0.068899 0.000084 26.034562 0.015470
0.330000 0.002939 0.000002 0.056614 0.000038 0.002686 0.000004 0.069913 0.000087 26.029593 0.015634
0.335000 0.002979 0.000002 0.057673 0.000039 0.002726 0.000004 0.070926 0.000089 26.021197 0.015839
0.340000 0.003020 0.000002 0.058731 0.000041 0.002766 0.000004 0.071938 0.000092 26.010854 0.016089
0.345000 0.003061 0.000002 0.059789 0.000042 0.002806 0.000004 0.072951 0.000095 25.998199 0.016317
0.350000 0.003101 0.000002 0.060846 0.000043 0.002847 0.000004 0.073963 0.000098 25.983140 0.016515
0.355000 0.003142 0.000002 0.061902 0.000045 0.002888 0.000004 0.074976 0.000100 25.966117 0.016733
0.360000 0.003183 0.000002 0.062958 0.000046 0.002929 0.000004 0.075989 0.000103 25.947833 0.016976
0.365000 0.003223 0.000002 0.064013 0.000048 0.002970 0.000005 0.077003 0.000106 25.927595 0.017159
0.370000 0.003264 0.000002 0.065067 0.000049 0.003012 0.000005 0.078019 0.000109 25.905634 0.017321
0.375000 0.003305 0.000002 0.066121 0.000051 0.003054 0.000005 0.079035 0.000112 25.882421 0.017461
0.380000 0.003345 0.000003 0.067175 0.000052 0.003096 0.000005 0.080054 0.000115 25.858878 0.017827
0.385000 0.003386 0.000003 0.068228 0.000053 0.003139 0.000005 0.081074 0.000118 25.834213 0.018135
0.390000 0.003427 0.000003 0.069281 0.000055 0.003181 0.000005 0.082096 0.000121 25.807589 0.018134
0.395000 0.003468 0.000003 0.070333 0.000057 0.003225 0.000005 0.083120 0.000124 25.780997 0.018259
0.400000 0.003509 0.000003 0.071385 0.000058 0.003268 0.000005 0.084147 0.000127 25.753981 0.018566
0.405000 0.003549 0.000003 0.072437 0.000060 0.003311 0.000005 0.085176 0.000130 25.725718 0.018833
0.410000 0.003590 0.000003 0.073488 0.000061 0.003355 0.000006 0.086208 0.000133 25.697372 0.019014
0.415000 0.003631 0.000003 0.074539 0.000063 0.003399 0.000006 0.087243 0.000137 25.668262 0.019150
0.420000 0.003672 0.000003 0.075590 0.000065 0.003444 0.000006 0.088281 0.000140 25.638872 0.019331
0.425000 0.003713 0.000003 0.076641 0.000066 0.003488 0.000006 0.089321 0.000143 25.610053 0.019560
0.430000 0.003754 0.000003 0.077692 0.000068 0.003533 0.000006 0.090366 0.000146 25.580057 0.019705
0.435000 0.003795 0.000003 0.078743 0.000070 0.003578 0.000006 0.091413 0.000150 25.550218 0.019860
0.440000 0.003837 0.000003 0.079794 0.000071 0.003624 0.000006 0.092464 0.000153 25.519944 0.020103
0.445000 0.003878 0.000003 0.080844 0.000073 0.003669 0.000006 0.093518 0.000156 25.490651 0.020282
0.450000 0.003919 0.000003 0.081895 0.000075 0.003715 0.000007 0.094576 0.000160 25.460655 0.020438
0.455000 0.003960 0.000004 0.082946 0.000077 0.003761 0.000007 0.095637 0.000163 25.430336 0.020610
0.460000 0.004002 0.000004 0.083997 0.000078 0.003808 0.000007 0.096703 0.000167 25.401000 0.020765
0.465000 0.004043 0.000004 0.085048 0.000080 0.003854 0.000007 0.097772 0.000170 25.370853 0.020922
0.470000 0.004085 0.000004 0.086100 0.000082 0.003901 0.000007 0.098845 0.000174 25.341957 0.021166
0.475000 0.004126 0.000004 0.087151 0.000084 0.003948 0.000007 0.099923 0.000177 25.312672 0.021344
0.480000 0.004168 0.000004 0.088203 0.000086 0.003995 0.000007 0.101003 0.000181 25.283316 0.021449
0.485000 0.004209 0.000004 0.089256 0.000087 0.004043 0.000008 0.102088 0.000184 25.254938 0.021607
0.490000 0.004251 0.000004 0.090308 0.000089 0.004091 0.000008 0.103177 0.000188 25.226157 0.021668
0.495000 0.004293 0.000004 0.091361 0.000091 0.004139 0.000008 0.104269 0.000191 25.197447 0.022028
0.500000 0.004335 0.000004 0.092415 0.000093 0.004187 0.000008 0.105367 0.000195 25.169966 0.022150
0.505000 0.004377 0.000004 0.093469 0.000095 0.004235 0.000008 0.106468 0.000199 25.142415 0.022288
0.510000 0.004419 0.000004 0.094523 0.000097 0.004284 0.000008 0.107573 0.000203 25.114774 0.022430
0.515000 0.004461 0.000004 0.095578 0.000099 0.004333 0.000008 0.108683 0.000206 25.087780 0.022474
0.520000 0.004503 0.000005 0.096633 0.000101 0.004382 0.000009 0.109796 0.000210 25.061533 0.022718
0.525000 0.004545 0.000005 0.097689 0.000103 0.004431 0.000009 0.110915 0.000214 25.035384 0.022727
0.530000 0.004587 0.000005 0.098746 0.000105 0.004481 0.000009 0.112036 0.000218 25.009002 0.022914
0.535000 0.004629 0.000005 0.099803 0.000107 0.004530 0.000009 0.113162 0.000222 24.983917 0.023140
0.540000 0.004672 0.000005 0.100861 0.000109 0.004580 0.000009 0.114292 0.000225 24.958476 0.023138
0.545000 0.004714 0.000005 0.101920 0.000111 0.004630 0.000009 0.115427 0.000229 24.933448 0.023476
0.550000 0.004757 0.000005 0.102979 0.000113 0.004680 0.000009 0.116566 0.000233 24.909982 0.023618
0.555000 0.004799 0.000005 0.104039 0.000115 0.004731 0.000010 0.117709 0.000237 24.886033 0.023454
0.560000 0.004842 0.000005 0.105100 0.000118 0.004781 0.000010 0.118856 0.000241 24.862096 0.023662
0.565000 0.004885 0.000005 0.106162 0.000120 0.004832 0.000010 0.120007 0.000245 24.838998 0.023956
0.570000 0.004927 0.000005 0.107224 0.000122 0.004883 0.000010 0.121162 0.000249 24.816658 0.024171
0.575000 0.004970 0.000005 0.108287 0.000124 0.004934 0.000010 0.122321 0.000253 24.793746 0.024007
0.580000 0.005013 0.000006 0.109351 0.000126 0.004986 0.000010 0.123485 0.000258 24.771400 0.024279
0.585000 0.005056 0.000006 0.110416 0.000128 0.005037 0.000011 0.124653 0.000262 24.749980 0.024440
0.590000 0.005099 0.000006 0.111482 0.000131 0.005089 0.000011 0.125824 0.000266 24.728493 0.024217
0.595000 0.005143 0.000006 0.112549 0.000133 0.005141 0.000011 0.127001 0.000270 24.708193 0.024528
0.600000 0.005186 0.000006 0.113617 0.000135 0.005193 0.000011 0.128179 0.000274 24.688158 0.024767
0.605000 0.005229 0.000006 0.114685 0.000137 0.005245 0.000011 0.129362 0.000278 24.667883 0.024635
0.610000 0.005273 0.000006 0.115755 0.000140 0.005298 0.000011 0.130551 0.000282 24.647668 0.024883
0.615000 0.005316 0.000006 0.116825 0.000142 0.005350 0.000011 0.131742 0.000287 24.628447 0.025061
0.620000 0.005360 0.000006 0.117897 0.000144 0.005403 0.000012 0.132937 0.000291 24.609570 0.025086
0.625000 0.005403 0.000006 0.118970 0.000146 0.005456 0.000012 0.134136 0.000295 24.591159 0.025241
0.630000 0.005447 0.000006 0.120043 0.000149 0.005509 0.000012 0.135340 0.000299 24.572899 0.025112
0.635000 0.005491 0.000007 0.121118 0.000151 0.005562 0.000012 0.136547 0.000303 24.555188 0.025256
0.640000 0.005534 0.000007 0.122194 0.000154 0.005615 0.000012 0.137757 0.000308 24.537252 0.025442
0.645000 0.005578 0.000007 0.123270 0.000156 0.005669 0.000012 0.138971 0.000312 24.519338 0.025648
0.650000 0.005622 0.000007 0.124348 0.000158 0.005722 0.000013 0.140190 0.000317 24.503462 0.025704
0.655000 0.005666 0.000007 0.125427 0.000161 0.005776 0.000013 0.141412 0.000321 24.486689 0.025548
0.660000 0.005710 0.000007 0.126507 0.000163 0.005830 0.000013 0.142637 0.000325 24.470739 0.025742
0.665000 0.005755 0.000007 0.127588 0.000166 0.005884 0.000013 0.143868 0.000330 24.454999 0.025924
0.670000 0.005799 0.000007 0.128671 0.000168 0.005938 0.000013 0.145100 0.000334 24.438737 0.025939
0.675000 0.005843 0.000007 0.129754 0.000170 0.005993 0.000013 0.146336 0.000339 24.423770 0.025982
0.680000 0.005888 0.000007 0.130839 0.000173 0.006047 0.000013 0.147578 0.000343 24.409162 0.025823
0.685000 0.005932 0.000007 0.131924 0.000175 0.006102 0.000014 0.148819 0.000348 24.394527 0.026144
0.690000 0.005977 0.000008 0.133011 0.000178 0.006156 0.000014 0.150066 0.000352 24.380041 0.026381
0.695000 0.006021 0.000008 0.134099 0.000180 0.006212 0.000014 0.151318 0.000356 24.365343 0.026328
0.700000 0.006066 0.000008 0.135188 0.000183 0.006267 0.000014 0.152570 0.000361 24.351595 0.026331
0.705000 0.006111 0.000008 0.136279 0.000185 0.006322 0.000014 0.153829 0.000366 24.338606 0.026107
0.710000 0.006156 0.000008 0.137370 0.000188 0.006377 0.000015 0.155089 0.000369 24.325729 0.026481
0.715000 0.006201 0.000008 0.138463 0.000191 0.006432 0.000015 0.156352 0.000375 24.312055 0.026613
0.720000 0.006246 0.000008 0.139557 0.000193 0.006488 0.000015 0.157620 0.000380 24.299473 0.026429
0.725000 0.006291 0.000008 0.140652 0.000196 0.006543 0.000015 0.158893 0.000383 24.287752 0.026514
0.730000 0.006336 0.000008 0.141749 0.000198 0.006599 0.000015 0.160165 0.000388 24.275045 0.026687
0.735000 0.006381 0.000008 0.142846 0.000201 0.006655 0.000015 0.161440 0.000393 24.263557 0.026726
0.740000 0.006427 0.000009 0.143945 0.000204 0.006711 0.000015 0.162720 0.000397 24.250973 0.026624
0.745000 0.006472 0.000009 0.145045 0.000206 0.006767 0.000016 0.164003 0.000402 24.239567 0.026767
0.750000 0.006517 0.000009 0.146146 0.000209 0.006824 0.000016 0.165292 0.000407 24.228629 0.026947
0.755000 0.006563 0.000009 0.147249 0.000212 0.006880 0.000016 0.166579 0.000411 24.216071 0.026987
0.760000 0.006609 0.000009 0.148353 0.000214 0.006937 0.000016 0.167874 0.000415 24.206095 0.026882
0.765000 0.006654 0.000009 0.149458 0.000217 0.006992 0.000016 0.169171 0.000421 24.198455 0.026960
0.770000 0.006700 0.000009 0.150564 0.000220 0.007049 0.000016 0.170466 0.000425 24.186552 0.026878
0.775000 0.006746 0.000009 0.151672 0.000222 0.007107 0.000017 0.171770 0.000430 24.174677 0.027209
0.780000 0.006792 0.000009 0.152781 0.000225 0.007163 0.000017 0.173072 0.000434 24.166282 0.027334
0.785000 0.006838 0.000009 0.153891 0.000228 0.007221 0.000017 0.174377 0.000439 24.155166 0.026987
0.790000 0.006884 0.000010 0.155002 0.000231 0.007278 0.000017 0.175690 0.000444 24.146122 0.026905
0.795000 0.006930 0.000010 0.156115 0.000233 0.007335 0.000017 0.177004 0.000448 24.137386 0.027372
0.800000 0.006976 0.000010 0.157228 0.000236 0.007392 0.000017 0.178320 0.000452 24.127035 0.027549
0.805000 0.007022 0.000010 0.158344 0.000239 0.007450 0.000018 0.179636 0.000457 24.118077 0.027074
0.810000 0.007068 0.000010 0.159460 0.000242 0.007507 0.000018 0.180956 0.000463 24.109411 0.027150
0.815000 0.007115 0.000010 0.160578 0.000244 0.007564 0.000018 0.182286 0.000466 24.103056 0.027600
0.820000 0.007161 0.000010 0.161697 0.000247 0.007622 0.000018 0.183612 0.000472 24.093629 0.027381
0.825000 0.007208 0.000010 0.162817 0.000250 0.007681 0.000018 0.184936 0.000476 24.082406 0.027276
0.830000 0.007254 0.000010 0.163938 0.000253 0.007738 0.000018 0.186275 0.000480 24.077358 0.027580
0.835000 0.007301 0.000011 0.165061 0.000256 0.007796 0.000019 0.187606 0.000485 24.068681 0.027566
0.840000 0.007348 0.000011 0.166185 0.000259 0.007855 0.000019 0.188938 0.000489 24.058646 0.027657
0.845000 0.007395 0.000011 0.167310 0.000261 0.007912 0.000019 0.190283 0.000494 24.053830 0.027108
0.850000 0.007441 0.000011 0.168437 0.000264 0.007971 0.000019 0.191624 0.000500 24.046131 0.027548
0.855000 0.007488 0.000011 0.169565 0.000267 0.008029 0.000019 0.192969 0.000504 24.037979 0.027984
0.860000 0.007535 0.000011 0.170694 0.000270 0.008088 0.000019 0.194321 0.000508 24.030685 0.027596
0.865000 0.007582 0.000011 0.171824 0.000273 0.008147 0.000019 0.195672 0.000514 24.023110 0.027955
0.870000 0.007629 0.000011 0.172956 0.000276 0.008205 0.000020 0.197017 0.000518 24.017917 0.027763
0.875000 0.007677 0.000011 0.174089 0.000279 0.008264 0.000020 0.198374 0.000522 24.010314 0.027248
0.880000 0.007724 0.000012 0.175223 0.000282 0.008323 0.000020 0.199733 0.000527 24.002352 0.027898
0.885000 0.007771 0.000012 0.176359 0.000285 0.008381 0.000020 0.201087 0.000531 23.997086 0.027951
0.890000 0.007819 0.000012 0.177495 0.000288 0.008441 0.000020 0.202453 0.000536 23.990354 0.027715
0.895000 0.007866 0.000012 0.178633 0.000290 0.008500 0.000020 0.203820 0.000541 23.983779 0.027921
0.900000 0.007914 0.000012 0.179773 0.000293 0.008559 0.000020 0.205180 0.000544 23.977744 0.027985
0.905000 0.007961 0.000012 0.180913 0.000296 0.008618 0.000021 0.206551 0.000548 23.971977 0.027983
0.910000 0.008009 0.000012 0.182055 0.000299 0.008678 0.000021 0.207922 0.000554 23.965687 0.027898
0.915000 0.008057 0.000012 0.183198 0.000302 0.008737 0.000021 0.209290 0.000559 23.959141 0.028137
0.920000 0.008104 0.000012 0.184342 0.000305 0.008796 0.000021 0.210676 0.000563 23.955102 0.028016
0.925000 0.008152 0.000012 0.185488 0.000308 0.008856 0.000021 0.212049 0.000566 23.949048 0.027977
0.930000 0.008200 0.000013 0.186635 0.000311 0.008916 0.000021 0.213424 0.000572 23.942902 0.028248
0.935000 0.008248 0.000013 0.187783 0.000314 0.008976 0.000022 0.214814 0.000577 23.938276 0.028093
0.940000 0.008296 0.000013 0.188932 0.000317 0.009035 0.000022 0.216190 0.000581 23.932135 0.028139
0.945000 0.008344 0.000013 0.190083 0.000320 0.009095 0.000022 0.217574 0.000586 23.927008 0.028366
0.950000 0.008392 0.000013 0.191234 0.000323 0.009155 0.000022 0.218968 0.000589 23.922441 0.028218
0.955000 0.008440 0.000013 0.192388 0.000326 0.009215 0.000022 0.220352 0.000593 23.916846 0.028148
0.960000 0.008489 0.000013 0.193542 0.000329 0.009275 0.000022 0.221740 0.000598 23.911661 0.028126
0.965000 0.008537 0.000013 0.194697 0.000332 0.009335 0.000023 0.223148 0.000603 23.908364 0.028336
0.970000 0.008586 0.000013 0.195854 0.000335 0.009396 0.000023 0.224534 0.000608 23.902575 0.028500
0.975000 0.008634 0.000014 0.197012 0.000338 0.009456 0.000023 0.225929 0.000612 23.897595 0.028378
0.980000 0.008683 0.000014 0.198171 0.000342 0.009516 0.000023 0.227332 0.000615 23.893545 0.028361
0.985000 0.008731 0.000014 0.199332 0.000345 0.009577 0.000023 0.228728 0.000619 23.888535 0.028350
0.990000 0.008780 0.000014 0.200494 0.000348 0.009637 0.000023 0.230141 0.000624 23.885048 0.028515
0.995000 0.008828 0.000014 0.201656 0.000351 0.009698 0.000023 0.231544 0.000631 23.880653 0.028745
1.000000 0.008877 0.000014 0.202821 0.000354 0.009759 0.000024 0.232943 0.000634 23.875653 0.028441
1.005000 0.008926 0.000014 0.203986 0.000357 0.009819 0.000024 0.234362 0.000636 23.872448 0.028372
1.010000 0.008975 0.000014 0.205153 0.000360 0.009880 0.000024 0.235770 0.000642 23.868123 0.028664
1.015000 0.009024 0.000015 0.206320 0.000363 0.009941 0.000024 0.237168 0.000646 23.862864 0.028689
1.020000 0.009073 0.000015 0.207489 0.000366 0.010002 0.000024 0.238593 0.000651 23.859985 0.028739
1.025000 0.009122 0.000015 0.208659 0.000369 0.010063 0.000024 0.240007 0.000656 23.856001 0.028670
1.030000 0.009171 0.000015 0.209831 0.000372 0.010124 0.000025 0.241422 0.000656 23.851915 0.028719
1.035000 0.009220 0.000015 0.211003 0.000375 0.010185 0.000025 0.242841 0.000663 23.848239 0.028841
1.040000 0.009269 0.000015 0.212177 0.000379 0.010246 0.000025 0.244259 0.000669 23.844439 0.028780
1.045000 0.009319 0.000015 0.213352 0.000382 0.010307 0.000025 0.245690 0.000672 23.841590 0.028802
1.050000 0.009368 0.000015 0.214528 0.000385 0.010368 0.000025 0.247111 0.000676 23.837908 0.028928
1.055000 0.009417 0.000015 0.215705 0.000388 0.010430 0.000025 0.248532 0.000680 23.834143 0.029027
1.060000 0.009467 0.000016 0.216884 0.000391 0.010491 0.000025 0.249964 0.000684 23.831066 0.028935
1.065000 0.009516 0.000016 0.218064 0.000394 0.010553 0.000026 0.251385 0.000689 23.826921 0.028961
1.070000 0.009566 0.000016 0.219244 0.000397 0.010614 0.000026 0.252811 0.000692 23.823402 0.029052
1.075000 0.009616 0.000016 0.220426 0.000400 0.010676 0.000026 0.254254 0.000697 23.821201 0.029042
1.080000 0.009665 0.000016 0.221609 0.000403 0.010737 0.000026 0.255674 0.000702 23.817046 0.029125
1.085000 0.009715 0.000016 0.222794 0.000407 0.010799 0.000026 0.257107 0.000704 23.813732 0.029127
1.090000 0.009765 0.000016 0.223979 0.000410 0.010861 0.000026 0.258554 0.000710 23.811436 0.029225
1.095000 0.009815 0.000016 0.225166 0.000413 0.010922 0.000026 0.259993 0.000713 23.808647 0.029157
1.100000 0.009865 0.000016 0.226353 0.000416 0.010984 0.000027 0.261425 0.000717 23.805287 0.029164
1.105000 0.009915 0.000017 0.227542 0.000419 0.011046 0.000027 0.262862 0.000723 23.802098 0.029417
1.110000 0.009965 0.000017 0.228732 0.000422 0.011108 0.000027 0.264307 0.000725 23.799377 0.029446
1.115000 0.010015 0.000017 0.229923 0.000426 0.011170 0.000027 0.265751 0.000730 23.796841 0.029331
1.120000 0.010065 0.000017 0.231116 0.000429 0.011232 0.000027 0.267197 0.000734 23.794154 0.029159
1.125000 0.010115 0.000017 0.232309 0.000432 0.011294 0.000027 0.268642 0.000738 23.791323 0.029451
1.130000 0.010165 0.000017 0.233504 0.000435 0.011356 0.000028 0.270080 0.000744 23.787950 0.029784
1.135000 0.010215 0.000017 0.234699 0.000438 0.011418 0.000028 0.271533 0.000747 23.785710 0.029508
1.140000 0.010266 0.000017 0.235896 0.000441 0.011480 0.000028 0.272991 0.000749 23.783991 0.029517
1.145000 0.010316 0.000017 0.237094 0.000444 0.011543 0.000028 0.274420 0.000753 23.779487 0.029558
1.150000 0.010367 0.000018 0.238293 0.000448 0.011605 0.000028 0.275876 0.000757 23.777310 0.029568
1.155000 0.010417 0.000018 0.239493 0.000451 0.011667 0.000028 0.277345 0.000764 23.776416 0.029946
1.160000 0.010468 0.000018 0.240694 0.000454 0.011730 0.000028 0.278791 0.000769 23.773121 0.029837
1.165000 0.010518 0.000018 0.241896 0.000457 0.011792 0.000029 0.280246 0.000771 23.770478 0.029591
1.170000 0.010569 0.000018 0.243099 0.000460 0.011855 0.000029 0.281702 0.000774 23.768247 0.029729
1.175000 0.010619 0.000018 0.244304 0.000464 0.011917 0.000029 0.283160 0.000779 23.765869 0.030068
1.180000 0.010670 0.000018 0.245509 0.000467 0.011979 0.000029 0.284621 0.000783 23.764088 0.030093
1.185000 0.010721 0.000018 0.246716 0.000470 0.012042 0.000029 0.286076 0.000789 23.761295 0.029917
1.190000 0.010772 0.000019 0.247924 0.000473 0.012105 0.000029 0.287539 0.000792 23.758884 0.030017
1.195000 0.010823 0.000019 0.249132 0.000476 0.012167 0.000029 0.289000 0.000794 23.757041 0.030028
1.200000 0.010874 0.000019 0.250342 0.000480 0.012230 0.000030 0.290475 0.000798 23.755736 0.029949
1.205000 0.010925 0.000019 0.251553 0.000483 0.012293 0.000030 0.291920 0.000804 23.751927 0.030159
1.210000 0.010976 0.000019 0.252765 0.000486 0.012356 0.000030 0.293389 0.000808 23.750086 0.030278
1.215000 0.011027 0.000019 0.253978 0.000489 0.012419 0.000030 0.294878 0.000812 23.749592 0.030274
1.220000 0.011078 0.000019 0.255191 0.000492 0.012481 0.000030 0.296323 0.000817 23.746263 0.030305
1.225000 0.011129 0.000019 0.256406 0.000496 0.012544 0.000030 0.297794 0.000815 23.744373 0.030078
1.230000 0.011180 0.000019 0.257622 0.000499 0.012607 0.000030 0.299274 0.000823 23.742989 0.030298
1.235000 0.011232 0.000020 0.258840 0.000502 0.012670 0.000031 0.300744 0.000829 23.741059 0.030440
1.240000 0.011283 0.000020 0.260058 0.000505 0.012733 0.000031 0.302203 0.000828 23.738225 0.030176
1.245000 0.011334 0.000020 0.261277 0.000508 0.012796 0.000031 0.303671 0.000838 23.735891 0.030459
1.250000 0.011386 0.000020 0.262497 0.000512 0.012860 0.000031 0.305161 0.000840 23.735430 0.030588
1.255000 0.011437 0.000020 0.263718 0.000515 0.012923 0.000031 0.306634 0.000840 23.733438 0.030564
1.260000 0.011489 0.000020 0.264940 0.000518 0.012986 0.000031 0.308111 0.000847 23.731604 0.030361
1.265000 0.011540 0.000020 0.266163 0.000521 0.013049 0.000031 0.309581 0.000850 23.729552 0.030188
1.270000 0.011592 0.000020 0.267387 0.000524 0.013112 0.000032 0.311054 0.000855 23.727107 0.030592
1.275000 0.011643 0.000021 0.268612 0.000528 0.013176 0.000032 0.312544 0.000859 23.726374 0.030781
1.280000 0.011695 0.000021 0.269839 0.000531 0.013239 0.000032 0.314012 0.000861 23.724149 0.030513
1.285000 0.011747 0.000021 0.271066 0.000534 0.013302 0.000032 0.315493 0.000866 23.722237 0.030469
1.290000 0.011799 0.000021 0.272294 0.000537 0.013366 0.000032 0.316985 0.000872 23.721521 0.030725
1.295000 0.011850 0.000021 0.273523 0.000540 0.013429 0.000032 0.318459 0.000873 23.719192 0.030528
1.300000 0.011902 0.000021 0.274753 0.000544 0.013493 0.000032 0.319950 0.000876 23.718220 0.030671
1.305000 0.011954 0.000021 0.275984 0.000547 0.013556 0.000033 0.321438 0.000884 23.716884 0.030671
1.310000 0.012006 0.000021 0.277216 0.000550 0.013620 0.000033 0.322894 0.000888 23.713158 0.030375
1.315000 0.012058 0.000021 0.278449 0.000553 0.013683 0.000033 0.324379 0.000885 23.711860 0.030534
1.320000 0.012110 0.000022 0.279683 0.000557 0.013747 0.000033 0.325868 0.000891 23.710341 0.030825
1.325000 0.012162 0.000022 0.280918 0.000560 0.013810 0.000033 0.327370 0.000901 23.710131 0.030670
1.330000 0.012214 0.000022 0.282154 0.000563 0.013874 0.000033 0.328857 0.000901 23.708429 0.030753
1.335000 0.012267 0.000022 0.283390 0.000566 0.013938 0.000033 0.330323 0.000902 23.705072 0.030882
1.340000 0.012319 0.000022 0.284628 0.000569 0.014001 0.000034 0.331836 0.000908 23.705647 0.030451
1.345000 0.012371 0.000022 0.285867 0.000573 0.014065 0.000034 0.333337 0.000915 23.704896 0.030808
1.350000 0.012423 0.000022 0.287106 0.000576 0.014129 0.000034 0.334801 0.000913 23.701411 0.030727
1.355000 0.012476 0.000022 0.288347 0.000579 0.014193 0.000034 0.336288 0.000917 23.699906 0.030535
1.360000 0.012528 0.000022 0.289588 0.000582 0.014256 0.000034 0.337782 0.000924 23.698824 0.030981
1.365000 0.012581 0.000023 0.290830 0.000586 0.014320 0.000034 0.339293 0.000929 23.698603 0.030673
1.370000 0.012633 0.000023 0.292074 0.000589 0.014384 0.000034 0.340777 0.000929 23.696436 0.030615
1.375000 0.012686 0.000023 0.293318 0.000592 0.014448 0.000035 0.342263 0.000932 23.694924 0.030745
1.380000 0.012738 0.000023 0.294563 0.000595 0.014512 0.000035 0.343755 0.000943 23.692811 0.030722
1.385000 0.012791 0.000023 0.295809 0.000598 0.014576 0.000035 0.345253 0.000942 23.691638 0.030801
1.390000 0.012843 0.000023 0.297056 0.000602 0.014640 0.000035 0.346768 0.000941 23.691942 0.030492
1.395000 0.012896 0.000023 0.298303 0.000605 0.014704 0.000035 0.348260 0.000951 23.690180 0.030724
1.400000 0.012949 0.000023 0.299552 0.000608 0.014768 0.000035 0.349733 0.000951 23.687548 0.030488
1.405000 0.013002 0.000024 0.300802 0.000611 0.014832 0.000035 0.351236 0.000952 23.686584 0.030557
1.410000 0.013054 0.000024 0.302052 0.000615 0.014896 0.000036 0.352752 0.000962 23.686139 0.030734
1.415000 0.013107 0.000024 0.303303 0.000618 0.014960 0.000036 0.354247 0.000965 23.684715 0.030632
1.420000 0.013160 0.000024 0.304556 0.000621 0.015024 0.000036 0.355737 0.000966 23.683224 0.030775
1.425000 0.013213 0.000024 0.305809 0.000624 0.015088 0.000036 0.357229 0.000971 23.681111 0.030532
1.430000 0.013266 0.000024 0.307062 0.000627 0.015153 0.000036 0.358754 0.000975 23.681445 0.030526
1.435000 0.013319 0.000024 0.308317 0.000631 0.015217 0.000036 0.360253 0.000981 23.680202 0.030795
1.440000 0.013372 0.000024 0.309573 0.000634 0.015281 0.000036 0.361736 0.000985 23.677849 0.030788
1.445000 0.013425 0.000024 0.310829 0.000637 0.015345 0.000037 0.363248 0.000983 23.677395 0.030426
1.450000 0.013478 0.000025 0.312087 0.000640 0.015409 0.000037 0.364756 0.000986 23.676417 0.030473
1.455000 0.013531 0.000025 0.313345 0.000643 0.015474 0.000037 0.366268 0.000992 23.675795 0.030584
1.460000 0.013585 0.000025 0.314604 0.000647 0.015538 0.000037 0.367775 0.000997 23.675034 0.030566
1.465000 0.013638 0.000025 0.315864 0.000650 0.015603 0.000037 0.369245 0.000999 23.671133 0.030453
1.470000 0.013691 0.000025 0.317125 0.000653 0.015667 0.000037 0.370784 0.001011 23.672243 0.030826
1.475000 0.013744 0.000025 0.318386 0.000656 0.015731 0.000037 0.372301 0.001007 23.672473 0.030739
1.480000 0.013798 0.000025 0.319649 0.000660 0.015795 0.000037 0.373784 0.001007 23.669765 0.030388
1.485000 0.013851 0.000025 0.320912 0.000663 0.015860 0.000038 0.375272 0.001017 23.667423 0.030520
1.490000 0.013905 0.000025 0.322176 0.000666 0.015924 0.000038 0.376784 0.001016 23.666474 0.030549
1.495000 0.013958 0.000026 0.323441 0.000669 0.015989 0.000038 0.378329 0.001023 23.667726 0.030546
1.500000 0.014011 0.000026 0.324706 0.000672 0.016053 0.000038 0.379809 0.001027 23.665137 0.030412
1.505000 0.014065 0.000026 0.325973 0.000676 0.016117 0.000038 0.381332 0.001027 23.665374 0.030443
1.510000 0.014119 0.000026 0.327240 0.000679 0.016182 0.000038 0.382838 0.001033 23.663931 0.030781
1.515000 0.014172 0.000026 0.328508 0.000682 0.016247 0.000039 0.384329 0.001033 23.661511 0.030572
1.520000 0.014226 0.000026 0.329777 0.000685 0.016311 0.000039 0.385894 0.001040 23.663772 0.030498
1.525000 0.014279 0.000026 0.331047 0.000688 0.016376 0.000039 0.387397 0.001048 23.662580 0.030532
1.530000 0.014333 0.000026 0.332317 0.000692 0.016440 0.000039 0.388862 0.001047 23.658869 0.030570
1.535000 0.014387 0.000027 0.333588 0.000695 0.016505 0.000039 0.390383 0.001050 23.657926 0.030947
1.540000 0.014441 0.000027 0.334860 0.000698 0.016569 0.000039 0.391904 0.001057 23.658233 0.030559
1.545000 0.014495 0.000027 0.336133 0.000701 0.016634 0.000039 0.393418 0.001057 23.657348 0.030351
1.550000 0.014548 0.000027 0.337407 0.000704 0.016699 0.000040 0.394953 0.001055 23.657325 0.030744
1.555000 0.014602 0.000027 0.338681 0.000708 0.016763 0.000040 0.396430 0.001066 23.654525 0.030534
1.560000 0.014656 0.000027 0.339956 0.000711 0.016828 0.000040 0.397960 0.001071 23.654408 0.030613
1.565000 0.014710 0.000027 0.341232 0.000714 0.016893 0.000040 0.399496 0.001075 23.654664 0.030996
1.570000 0.014764 0.000027 0.342509 0.000717 0.016957 0.000040 0.400989 0.001075 23.652969 0.030650
1.575000 0.014818 0.000027 0.343786 0.000720 0.017022 0.000040 0.402511 0.001080 23.652408 0.030556
1.580000 0.014872 0.000028 0.345065 0.000724 0.017087 0.000040 0.404026 0.001083 23.651441 0.030688
1.585000 0.014926 0.000028 0.346343 0.000727 0.017152 0.000041 0.405535 0.001092 23.650222 0.031121
1.590000 0.014980 0.000028 0.347623 0.000730 0.017217 0.000041 0.407035 0.001094 23.647938 0.030921
1.595000 0.015035 0.000028 0.348903 0.000733 0.017281 0.000041 0.408574 0.001091 23.649008 0.030689
1.600000 0.015089 0.000028 0.350185 0.000736 0.017346 0.000041 0.410085 0.001099 23.647895 0.030919
1.605000 0.015143 0.000028 0.351466 0.000739 0.017411 0.000041 0.411607 0.001098 23.646845 0.030837
1.610000 0.015197 0.000028 0.352749 0.000743 0.017476 0.000041 0.413157 0.001106 23.648401 0.030726
1.615000 0.015252 0.000028 0.354033 0.000746 0.017541 0.000042 0.414609 0.001114 23.643490 0.031052
1.620000 0.015306 0.000028 0.355317 0.000749 0.017606 0.000042 0.416148 0.001117 23.643418 0.031505
1.625000 0.015360 0.000029 0.356601 0.000752 0.017670 0.000042 0.417692 0.001115 23.644802 0.030867
1.630000 0.015415 0.000029 0.357887 0.000755 0.017735 0.000042 0.419196 0.001119 23.642581 0.030874
1.635000 0.015469 0.000029 0.359173 0.000759 0.017800 0.000042 0.420729 0.001126 23.642778 0.031464
1.640000 0.015523 0.000029 0.360460 0.000762 0.017865 0.000042 0.422218 0.001128 23.640955 0.031108
1.645000 0.015578 0.000029 0.361748 0.000765 0.017930 0.000043 0.423747 0.001127 23.639973 0.030804
1.650000 0.015632 0.000029 0.363036 0.000768 0.017995 0.000043 0.425289 0.001132 23.640547 0.031020
1.655000 0.015687 0.000029 0.364325 0.000771 0.018060 0.000043 0.426815 0.001141 23.640015 0.031714
1.660000 0.015742 0.000029 0.365615 0.000774 0.018125 0.000043 0.428306 0.001146 23.637466 0.031547
1.665000 0.015796 0.000029 0.366905 0.000778 0.018189 0.000043 0.429848 0.001146 23.638414 0.031133
1.670000 0.015851 0.000030 0.368197 0.000781 0.018254 0.000043 0.431364 0.001150 23.637507 0.031152
1.675000 0.015905 0.000030 0.369488 0.000784 0.018320 0.000044 0.432884 0.001153 23.636258 0.031115
1.680000 0.015960 0.000030 0.370781 0.000787 0.018385 0.000044 0.434414 0.001151 23.635873 0.031672
1.685000 0.016015 0.000030 0.372074 0.000790 0.018450 0.000044 0.435913 0.001161 23.634051 0.031676
1.690000 0.016070 0.000030 0.373368 0.000793 0.018515 0.000044 0.437440 0.001168 23.633407 0.031529
1.695000 0.016124 0.000030 0.374663 0.000797 0.018580 0.000044 0.439003 0.001167 23.635053 0.031623
1.700000 0.016179 0.000030 0.375958 0.000800 0.018645 0.000044 0.440515 0.001167 23.634104 0.031447
1.705000 0.016234 0.000030 0.377254 0.000803 0.018710 0.000045 0.441987 0.001177 23.630375 0.031504
1.710000 0.016289 0.000031 0.378550 0.000806 0.018775 0.000045 0.443546 0.001182 23.631339 0.031670
1.715000 0.016344 0.000031 0.379848 0.000809 0.018840 0.000045 0.445073 0.001182 23.630900 0.031708
1.720000 0.016399 0.000031 0.381146 0.000812 0.018905 0.000045 0.446579 0.001182 23.629625 0.032006
1.725000 0.016454 0.000031 0.382444 0.000816 0.018970 0.000045 0.448122 0.001184 23.630109 0.031838
1.730000 0.016509 0.000031 0.383743 0.000819 0.019035 0.000045 0.449656 0.001194 23.629410 0.031634
1.735000 0.016564 0.000031 0.385043 0.000822 0.019100 0.000046 0.451162 0.001197 23.627894 0.031851
1.740000 0.016619 0.000031 0.386344 0.000825 0.019165 0.000046 0.452697 0.001208 23.628183 0.032133
1.745000 0.016674 0.000031 0.387645 0.000828 0.019231 0.000046 0.454202 0.001201 23.625979 0.032008
1.750000 0.016729 0.000031 0.388947 0.000831 0.019296 0.000046 0.455740 0.001205 23.625852 0.031919
1.755000 0.016784 0.000032 0.390249 0.000834 0.019361 0.000046 0.457321 0.001210 23.628315 0.032012
1.760000 0.016839 0.000032 0.391552 0.000838 0.019426 0.000046 0.458776 0.001210 23.623926 0.032201
1.765000 0.016895 0.000032 0.392856 0.000841 0.019491 0.000047 0.460297 0.001232 23.623496 0.032379
1.770000 0.016950 0.000032 0.394160 0.000844 0.019556 0.000047 0.461875 0.001219 23.625482 0.032109
1.775000 0.017005 0.000032 0.395465 0.000847 0.019622 0.000047 0.463377 0.001215 23.623504 0.032365
1.780000 0.017060 0.000032 0.396771 0.000850 0.019687 0.000047 0.464879 0.001239 23.621515 0.032741
1.785000 0.017116 0.000032 0.398077 0.000853 0.019752 0.000047 0.466460 0.001232 23.623381 0.032236
1.790000 0.017171 0.000032 0.399384 0.000856 0.019817 0.000048 0.467963 0.001234 23.622291 0.032005
1.795000 0.017226 0.000032 0.400691 0.000860 0.019882 0.000048 0.469479 0.001246 23.620834 0.032996
1.800000 0.017282 0.000033 0.402000 0.000863 0.019948 0.000048 0.471056 0.001239 23.622739 0.032800
1.805000 0.017337 0.000033 0.403308 0.000866 0.020013 0.000048 0.472551 0.001247 23.620547 0.031701
1.810000 0.017393 0.000033 0.404618 0.000869 0.020078 0.000048 0.474058 0.001259 23.618817 0.033181
1.815000 0.017448 0.000033 0.405927 0.000872 0.020143 0.000049 0.475587 0.001254 23.618517 0.033338
1.820000 0.017504 0.000033 0.407238 0.000875 0.020209 0.000049 0.477182 0.001252 23.621008 0.032290
1.825000 0.017559 0.000033 0.408549 0.000878 0.020274 0.000049 0.478681 0.001262 23.619100 0.033084
1.830000 0.017615 0.000033 0.409861 0.000881 0.020339 0.000049 0.480176 0.001262 23.617015 0.032880
1.835000 0.017670 0.000033 0.411173 0.000884 0.020404 0.000049 0.481749 0.001273 23.618622 0.032898
1.840000 0.017726 0.000033 0.412486 0.000888 0.020470 0.000050 0.483260 0.001273 23.616836 0.032680
1.845000 0.017782 0.000034 0.413800 0.000891 0.020535 0.000050 0.484761 0.001270 23.614885 0.033201
1.850000 0.017837 0.000034 0.415114 0.000894 0.020600 0.000050 0.486302 0.001283 23.615268 0.033287
1.855000 0.017893 0.000034 0.416428 0.000897 0.020665 0.000050 0.487832 0.001279 23.614751 0.032910
1.860000 0.017949 0.000034 0.417743 0.000900 0.020731 0.000050 0.489403 0.001289 23.616391 0.033578
1.865000 0.018004 0.000034 0.419059 0.000903 0.020796 0.000051 0.490930 0.001296 23.615933 0.033600
1.870000 0.018060 0.000034 0.420376 0.000906 0.020862 0.000051 0.492396 0.001292 23.611574 0.033388
1.875000 0.018116 0.000034 0.421693 0.000909 0.020927 0.000051 0.493994 0.001295 23.614859 0.033402
1.880000 0.018172 0.000034 0.423010 0.000912 0.020992 0.000051 0.495521 0.001302 23.614405 0.033528
1.885000 0.018228 0.000034 0.424328 0.000915 0.021057 0.000052 0.497013 0.001312 23.611675 0.033848
1.890000 0.018284 0.000035 0.425647 0.000919 0.021123 0.000052 0.498567 0.001308 23.612294 0.033662
1.895000 0.018339 0.000035 0.426966 0.000922 0.021188 0.000052 0.500109 0.001308 23.612551 0.033689
1.900000 0.018395 0.000035 0.428286 0.000925 0.021254 0.000052 0.501659 0.001318 23.612330 0.033883
1.905000 0.018451 0.000035 0.429607 0.000928 0.021319 0.000052 0.503154 0.001319 23.610322 0.033951
1.910000 0.018507 0.000035 0.430927 0.000931 0.021384 0.000053 0.504637 0.001327 23.608121 0.033415
1.915000 0.018563 0.000035 0.432249 0.000934 0.021449 0.000053 0.506218 0.001319 23.609848 0.034334
1.920000 0.018619 0.000035 0.433571 0.000937 0.021515 0.000053 0.507788 0.001320 23.611450 0.034442
1.925000 0.018675 0.000035 0.434893 0.000940 0.021580 0.000053 0.509314 0.001341 23.610511 0.033613
1.930000 0.018731 0.000036 0.436217 0.000943 0.021646 0.000054 0.510808 0.001343 23.607792 0.034592
1.935000 0.018787 0.000036 0.437540 0.000946 0.021711 0.000054 0.512319 0.001339 23.606397 0.034166
1.940000 0.018844 0.000036 0.438864 0.000949 0.021776 0.000054 0.513919 0.001350 23.609154 0.034969
1.945000 0.018900 0.000036 0.440189 0.000952 0.021842 0.000054 0.515399 0.001341 23.606495 0.034658
1.950000 0.018956 0.000036 0.441514 0.000955 0.021907 0.000055 0.516938 0.001350 23.606830 0.034195
1.955000 0.019012 0.000036 0.442840 0.000959 0.021973 0.000055 0.518566 0.001362 23.610246 0.034992
1.960000 0.019068 0.000036 0.444167 0.000962 0.022038 0.000055 0.519995 0.001355 23.605149 0.035175
1.965000 0.019124 0.000036 0.445493 0.000965 0.022104 0.000055 0.521485 0.001365 23.602548 0.034359
1.970000 0.019181 0.000036 0.446820 0.000968 0.022169 0.000056 0.523086 0.001370 23.605298 0.034443
1.975000 0.019237 0.000037 0.448148 0.000971 0.022234 0.000056 0.524586 0.001377 23.603628 0.035701
1.980000 0.019293 0.000037 0.449477 0.000974 0.022300 0.000056 0.526159 0.001372 23.604138 0.035299
1.985000 0.019350 0.000037 0.450806 0.000977 0.022365 0.000056 0.527696 0.001373 23.604724 0.034880
1.990000 0.019406 0.000037 0.452135 0.000980 0.022431 0.000057 0.529223 0.001383 23.603844 0.035277
1.995000 0.019462 0.000037 0.453465 0.000983 0.022496 0.000057 0.530751 0.001398 23.602795 0.035830
2.000000 0.019519 0.000037 0.454795 0.000986 0.022561 0.000057 0.532240 0.001389 23.600855 0.034948
2.005000 0.019575 0.000037 0.456126 0.000989 0.022627 0.000057 0.533844 0.001381 23.603464 0.034993
2.010000 0.019632 0.000037 0.457458 0.000992 0.022693 0.000058 0.535366 0.001393 23.601918 0.035770
2.015000 0.019688 0.000038 0.458790 0.000995 0.022758 0.000058 0.536849 0.001411 23.599387 0.036352
2.020000 0.019745 0.000038 0.460122 0.000998 0.022823 0.000058 0.538417 0.001406 23.600932 0.036084
2.025000 0.019801 0.000038 0.461455 0.001001 0.022888 0.000058 0.539942 0.001410 23.600573 0.035563
2.030000 0.019858 0.000038 0.462789 0.001004 0.022954 0.000059 0.541475 0.001418 23.600012 0.036210
2.035000 0.019914 0.000038 0.464123 0.001007 0.023020 0.000059 0.543021 0.001405 23.599579 0.035725
2.040000 0.019971 0.000038 0.465457 0.001010 0.023086 0.000059 0.544549 0.001415 23.598802 0.035926
2.045000 0.020027 0.000038 0.466792 0.001013 0.023151 0.000059 0.546060 0.001437 23.597255 0.037116
2.050000 0.020084 0.000038 0.468127 0.001016 0.023216 0.000060 0.547637 0.001435 23.599097 0.036339
2.055000 0.020141 0.000038 0.469463 0.001019 0.023282 0.000060 0.549140 0.001420 23.597227 0.036006
2.060000 0.020197 0.000039 0.470800 0.001022 0.023347 0.000060 0.550658 0.001440 23.596677 0.036569
2.065000 0.020254 0.000039 0.472136 0.001026 0.023413 0.000061 0.552210 0.001449 23.596639 0.036745
2.070000 0.020311 0.000039 0.473474 0.001029 0.023479 0.000061 0.553788 0.001441 23.597686 0.037158
2.075000 0.020367 0.000039 0.474812 0.001032 0.023544 0.000061 0.555312 0.001444 23.597297 0.036406
2.080000 0.020424 0.000039 0.476150 0.001035 0.023609 0.000061 0.556739 0.001451 23.592267 0.036827
2.085000 0.020481 0.000039 0.477488 0.001038 0.023675 0.000061 0.558388 0.001466 23.596955 0.037471
2.090000 0.020538 0.000039 0.478828 0.001041 0.023741 0.000062 0.559886 0.001455 23.594212 0.036743
2.095000 0.020594 0.000039 0.480167 0.001044 0.023805 0.000062 0.561367 0.001456 23.592287 0.036583
2.100000 0.020651 0.000040 0.481508 0.001047 0.023871 0.000062 0.562950 0.001461 23.593944 0.037169
2.105000 0.020708 0.000040 0.482848 0.001050 0.023936 0.000063 0.564491 0.001480 23.594051 0.037696
2.110000 0.020765 0.000040 0.484189 0.001053 0.024002 0.000063 0.566066 0.001489 23.595376 0.037873
2.115000 0.020822 0.000040 0.485531 0.001056 0.024068 0.000063 0.567516 0.001473 23.590662 0.037625
2.120000 0.020879 0.000040 0.486873 0.001059 0.024133 0.000063 0.569080 0.001478 23.592108 0.037455
2.125000 0.020936 0.000040 0.488215 0.001062 0.024199 0.000064 0.570662 0.001481 23.593676 0.038026
2.130000 0.020993 0.000040 0.489558 0.001065 0.024264 0.000064 0.572132 0.001495 23.590892 0.037668
2.135000 0.021050 0.000040 0.490901 0.001068 0.024329 0.000064 0.573632 0.001511 23.589060 0.038035
2.140000 0.021107 0.000041 0.492245 0.001071 0.024395 0.000064 0.575247 0.001501 23.591480 0.038050
2.145000 0.021164 0.000041 0.493589 0.001074 0.024461 0.000065 0.576823 0.001506 23.592906 0.038152
2.150000 0.021221 0.000041 0.494934 0.001077 0.024526 0.000065 0.578248 0.001508 23.588241 0.038481
2.155000 0.021278 0.000041 0.496279 0.001080 0.024592 0.000065 0.579765 0.001508 23.586434 0.038060
2.160000 0.021335 0.000041 0.497624 0.001083 0.024657 0.000066 0.581362 0.001521 23.589606 0.038643
2.165000 0.021392 0.000041 0.498970 0.001086 0.024722 0.000066 0.582911 0.001515 23.590412 0.038269
2.170000 0.021449 0.000041 0.500317 0.001089 0.024788 0.000066 0.584456 0.001536 23.589422 0.039250
2.175000 0.021506 0.000041 0.501664 0.001092 0.024854 0.000066 0.585946 0.001540 23.587299 0.038935
2.180000 0.021563 0.000041 0.503011 0.001095 0.024919 0.000066 0.587435 0.001519 23.585401 0.038063
2.185000 0.021620 0.000042 0.504358 0.001098 0.024984 0.000067 0.589029 0.001535 23.587575 0.039304
2.190000 0.021678 0.000042 0.505706 0.001101 0.025050 0.000067 0.590548 0.001568 23.586453 0.038849
2.195000 0.021735 0.000042 0.507055 0.001104 0.025116 0.000067 0.592067 0.001549 23.585473 0.038893
2.200000 0.021792 0.000042 0.508404 0.001107 0.025181 0.000068 0.593579 0.001526 23.584817 0.039272
2.205000 0.021849 0.000042 0.509753 0.001110 0.025247 0.000068 0.595140 0.001552 23.584894 0.039313
2.210000 0.021906 0.000042 0.511103 0.001113 0.025312 0.000068 0.596721 0.001574 23.586876 0.039109
2.215000 0.021964 0.000042 0.512453 0.001116 0.025376 0.000069 0.598227 0.001573 23.586147 0.040075
2.220000 0.022021 0.000042 0.513804 0.001119 0.025443 0.000069 0.599723 0.001558 23.583010 0.039455
2.225000 0.022078 0.000043 0.515155 0.001122 0.025508 0.000069 0.601261 0.001582 23.583377 0.038974
2.230000 0.022136 0.000043 0.516506 0.001125 0.025573 0.000069 0.602871 0.001585 23.586597 0.040709
2.235000 0.022193 0.000043 0.517858 0.001128 0.025639 0.000070 0.604339 0.001569 23.582997 0.039781
2.240000 0.022250 0.000043 0.519210 0.001131 0.025705 0.000070 0.605905 0.001607 23.583565 0.039351
2.245000 0.022308 0.000043 0.520563 0.001134 0.025770 0.000070 0.607421 0.001590 23.582838 0.039333
2.250000 0.022365 0.000043 0.521916 0.001137 0.025835 0.000070 0.608765 0.001577 23.576345 0.039832
2.255000 0.022423 0.000043 0.523269 0.001140 0.025901 0.000071 0.610554 0.001613 23.585262 0.040345
2.260000 0.022480 0.000044 0.524623 0.001143 0.025966 0.000071 0.612123 0.001617 23.586320 0.040325
2.265000 0.022537 0.000044 0.525977 0.001146 0.026032 0.000071 0.613463 0.001610 23.578650 0.040433
2.270000 0.022595 0.000044 0.527332 0.001149 0.026098 0.000071 0.615005 0.001610 23.578054 0.040635
2.275000 0.022652 0.000044 0.528686 0.001152 0.026163 0.000072 0.616598 0.001623 23.580250 0.040254
2.280000 0.022710 0.000044 0.530042 0.001155 0.026227 0.000072 0.618144 0.001628 23.581507 0.039927
2.285000 0.022767 0.000044 0.531397 0.001158 0.026293 0.000072 0.619656 0.001604 23.580007 0.040635
2.290000 0.022825 0.000044 0.532754 0.001161 0.026359 0.000073 0.621209 0.001637 23.580293 0.040842
2.295000 0.022883 0.000044 0.534110 0.001164 0.026423 0.000073 0.622669 0.001650 23.577875 0.040451
2.300000 0.022940 0.000045 0.535467 0.001167 0.026490 0.000073 0.624172 0.001647 23.575750 0.040671
2.305000 0.022998 0.000045 0.536824 0.001170 0.026555 0.000073 0.625787 0.001657 23.578455 0.040963
2.310000 0.023055 0.000045 0.538182 0.001173 0.026620 0.000074 0.627396 0.001651 23.581362 0.040677
2.315000 0.023113 0.000045 0.539540 0.001176 0.026686 0.000074 0.628830 0.001653 23.577024 0.040631
2.320000 0.023171 0.000045 0.540898 0.001179 0.026751 0.000074 0.630335 0.001658 23.576386 0.040771
2.325000 0.023228 0.000045 0.542257 0.001182 0.026816 0.000075 0.631905 0.001662 23.577632 0.041384
2.330000 0.023286 0.000045 0.543616 0.001185 0.026882 0.000075 0.633383 0.001669 23.574384 0.040720
2.335000 0.023344 0.000045 0.544975 0.001188 0.026947 0.000075 0.634964 0.001680 23.576605 0.040830
2.340000 0.023401 0.000046 0.546335 0.001191 0.027012 0.000075 0.636541 0.001689 23.578489 0.041595
2.345000 0.023459 0.000046 0.547696 0.001194 0.027078 0.000076 0.637977 0.001691 23.574355 0.041380
2.350000 0.023517 0.000046 0.549056 0.001197 0.027143 0.000076 0.639539 0.001700 23.574788 0.041136
2.355000 0.023575 0.000046 0.550417 0.001200 0.027207 0.000076 0.641119 0.001696 23.577291 0.040865
2.360000 0.023632 0.000046 0.551778 0.001203 0.027274 0.000077 0.642604 0.001690 23.574522 0.041151
2.365000 0.023690 0.000046 0.553140 0.001206 0.027339 0.000077 0.644103 0.001722 23.573271 0.041572
2.370000 0.023748 0.000046 0.554502 0.001209 0.027404 0.000077 0.645638 0.001717 23.573866 0.041292
2.375000 0.023806 0.000047 0.555864 0.001212 0.027470 0.000077 0.647173 0.001699 23.573198 0.040980
2.380000 0.023864 0.000047 0.557227 0.001215 0.027534 0.000078 0.648660 0.001710 23.571881 0.041173
2.385000 0.023921 0.000047 0.558590 0.001218 0.027600 0.000078 0.650287 0.001741 23.574984 0.041936
2.390000 0.023979 0.000047 0.559953 0.001221 0.027664 0.000078 0.651786 0.001743 23.573981 0.041557
2.395000 0.024037 0.000047 0.561317 0.001224 0.027730 0.000079 0.653262 0.001736 23.571550 0.041161
2.400000 0.024095 0.000047 0.562681 0.001227 0.027796 0.000079 0.654894 0.001753 23.574228 0.041875
