0.000000 0.000000 0.000000 0.000000 0.000000 0.000769 0.000000 0.000084 0.000000 0.000000 0.000000
0.005000 0.000012 0.000000 0.000029 0.000000 0.000021 0.000000 0.000058 0.000000 2.831063 0.000176
0.010000 0.000041 0.000000 0.000117 0.000000 0.000069 0.000000 0.000232 0.000000 3.352179 0.000228
0.015000 0.000080 0.000000 0.000261 0.000000 0.000124 0.000000 0.000515 0.000000 4.153703 0.000320
0.020000 0.000123 0.000000 0.000460 0.000000 0.000181 0.000000 0.000903 0.000000 4.981642 0.000431
0.025000 0.000170 0.000000 0.000712 0.000000 0.000239 0.000000 0.001389 0.000000 5.811228 0.000559
0.030000 0.000218 0.000000 0.001015 0.000000 0.000297 0.000000 0.001968 0.000000 6.632007 0.000711
0.035000 0.000268 0.000000 0.001367 0.000000 0.000354 0.000000 0.002635 0.000000 7.440536 0.000884
0.040000 0.000319 0.000000 0.001767 0.000000 0.000411 0.000000 0.003383 0.000001 8.236134 0.001072
0.045000 0.000371 0.000000 0.002212 0.000000 0.000466 0.000000 0.004206 0.000001 9.018726 0.001281
0.050000 0.000423 0.000000 0.002701 0.000000 0.000521 0.000000 0.005097 0.000001 9.788108 0.001521
0.055000 0.000475 0.000000 0.003231 0.000001 0.000574 0.000000 0.006051 0.000001 10.543907 0.001769
0.060000 0.000527 0.000000 0.003800 0.000001 0.000626 0.000000 0.007063 0.000002 11.285516 0.002030
0.065000 0.000579 0.000000 0.004407 0.000001 0.000676 0.000000 0.008125 0.000002 12.012016 0.002336
0.070000 0.000631 0.000000 0.005050 0.000001 0.000726 0.000000 0.009232 0.000002 12.722453 0.002636
0.075000 0.000683 0.000000 0.005726 0.000001 0.000774 0.000000 0.010380 0.000003 13.416018 0.002959
0.080000 0.000734 0.000000 0.006433 0.000001 0.000821 0.000000 0.011563 0.000003 14.091808 0.003316
0.085000 0.000786 0.000000 0.007170 0.000002 0.000866 0.000000 0.012776 0.000004 14.748936 0.003660
0.090000 0.000836 0.000000 0.007936 0.000002 0.000911 0.000000 0.014015 0.000004 15.386492 0.004025
0.095000 0.000887 0.000000 0.008727 0.000002 0.000954 0.000000 0.015275 0.000005 16.004006 0.004409
0.100000 0.000937 0.000000 0.009543 0.000002 0.000997 0.000000 0.016552 0.000006 16.600950 0.004804
0.105000 0.000986 0.000000 0.010382 0.000003 0.001039 0.000000 0.017844 0.000006 17.176672 0.005205
0.110000 0.001036 0.000000 0.011242 0.000003 0.001080 0.000000 0.019145 0.000007 17.730946 0.005621
0.115000 0.001085 0.000000 0.012122 0.000003 0.001120 0.000001 0.020454 0.000008 18.263507 0.006049
0.120000 0.001133 0.000000 0.013020 0.000004 0.001159 0.000001 0.021767 0.000009 18.774173 0.006475
0.125000 0.001181 0.000000 0.013935 0.000004 0.001198 0.000001 0.023083 0.000010 19.262882 0.006923
0.130000 0.001229 0.000000 0.014866 0.000004 0.001237 0.000001 0.024397 0.000011 19.729769 0.007382
0.135000 0.001276 0.000000 0.015812 0.000005 0.001274 0.000001 0.025710 0.000012 20.174930 0.007826
0.140000 0.001323 0.000000 0.016770 0.000005 0.001312 0.000001 0.027018 0.000013 20.598520 0.008299
0.145000 0.001370 0.000000 0.017741 0.000006 0.001349 0.000001 0.028321 0.000014 21.000880 0.008777
0.150000 0.001416 0.000000 0.018723 0.000006 0.001385 0.000001 0.029616 0.000015 21.382383 0.009245
0.155000 0.001462 0.000000 0.019715 0.000007 0.001421 0.000001 0.030904 0.000016 21.743359 0.009721
0.160000 0.001508 0.000001 0.020717 0.000007 0.001457 0.000001 0.032182 0.000018 22.084322 0.010205
0.165000 0.001553 0.000001 0.021726 0.000008 0.001493 0.000001 0.033450 0.000019 22.405778 0.010689
0.170000 0.001599 0.000001 0.022744 0.000008 0.001528 0.000001 0.034708 0.000020 22.708198 0.011182
0.175000 0.001643 0.000001 0.023768 0.000009 0.001564 0.000001 0.035955 0.000022 22.992297 0.011665
0.180000 0.001688 0.000001 0.024798 0.000010 0.001599 0.000001 0.037190 0.000023 23.258542 0.012162
0.185000 0.001732 0.000001 0.025834 0.000010 0.001634 0.000001 0.038414 0.000025 23.507530 0.012655
0.190000 0.001776 0.000001 0.026874 0.000011 0.001669 0.000001 0.039626 0.000026 23.739976 0.013146
0.195000 0.001820 0.000001 0.027919 0.000012 0.001704 0.000001 0.040826 0.000028 23.956554 0.013640
0.200000 0.001864 0.000001 0.028968 0.000012 0.001739 0.000001 0.042015 0.000029 24.157748 0.014111
0.205000 0.001907 0.000001 0.030020 0.000013 0.001774 0.000001 0.043192 0.000031 24.344347 0.014613
0.210000 0.001950 0.000001 0.031074 0.000014 0.001809 0.000001 0.044358 0.000032 24.517066 0.015095
0.215000 0.001993 0.000001 0.032132 0.000015 0.001844 0.000002 0.045512 0.000034 24.676123 0.015566
0.220000 0.002036 0.000001 0.033191 0.000015 0.001880 0.000002 0.046656 0.000036 24.822830 0.016057
0.225000 0.002079 0.000001 0.034252 0.000016 0.001915 0.000002 0.047790 0.000038 24.957353 0.016497
0.230000 0.002121 0.000001 0.035315 0.000017 0.001950 0.000002 0.048913 0.000039 25.080040 0.016979
0.235000 0.002163 0.000001 0.036379 0.000018 0.001986 0.000002 0.050027 0.000041 25.192277 0.017445
0.240000 0.002206 0.000001 0.037444 0.000019 0.002022 0.000002 0.051131 0.000043 25.294028 0.017888
0.245000 0.002248 0.000001 0.038509 0.000020 0.002057 0.000002 0.052227 0.000045 25.385874 0.018353
0.250000 0.002290 0.000001 0.039575 0.000021 0.002093 0.000002 0.053314 0.000047 25.468840 0.018754
0.255000 0.002331 0.000001 0.040642 0.000021 0.002130 0.000002 0.054394 0.000049 25.543133 0.019184
0.260000 0.002373 0.000001 0.041708 0.000022 0.002166 0.000002 0.055466 0.000051 25.608811 0.019644
0.265000 0.002415 0.000001 0.042775 0.000023 0.002203 0.000002 0.056532 0.000053 25.667219 0.020061
0.270000 0.002456 0.000001 0.043842 0.000024 0.002239 0.000002 0.057591 0.000055 25.718521 0.020433
0.275000 0.002498 0.000001 0.044908 0.000025 0.002277 0.000003 0.058644 0.000056 25.762760 0.020823
0.280000 0.002539 0.000001 0.045974 0.000026 0.002314 0.000003 0.059692 0.000059 25.800866 0.021240
0.285000 0.002580 0.000001 0.047040 0.000027 0.002351 0.000003 0.060735 0.000061 25.832927 0.021636
0.290000 0.002622 0.000001 0.048105 0.000029 0.002389 0.000003 0.061773 0.000063 25.859733 0.022022
0.295000 0.002663 0.000002 0.049170 0.000030 0.002427 0.000003 0.062808 0.000065 25.881206 0.022349
0.300000 0.002704 0.000002 0.050234 0.000031 0.002465 0.000003 0.063839 0.000067 25.898088 0.022694
0.305000 0.002745 0.000002 0.051298 0.000032 0.002504 0.000003 0.064867 0.000069 25.910648 0.023061
0.310000 0.002786 0.000002 0.052361 0.000033 0.002543 0.000003 0.065892 0.000071 25.918698 0.023379
0.315000 0.002827 0.000002 0.053423 0.000034 0.002582 0.000003 0.066915 0.000073 25.923121 0.023674
0.320000 0.002868 0.000002 0.054485 0.000035 0.002621 0.000003 0.067936 0.000076 25.924333 0.023977
0.325000 0.002909 0.000002 0.055546 0.000036 0.002660 0.000003 0.068955 0.000078 25.922143 0.024333
0.330000 0.002950 0.000002 0.056607 0.000038 0.002700 0.000004 0.069974 0.000080 25.916697 0.024599
0.335000 0.002991 0.000002 0.057667 0.000039 0.002740 0.000004 0.070991 0.000082 25.908948 0.024824
0.340000 0.003032 0.000002 0.058726 0.000040 0.002781 0.000004 0.072008 0.000085 25.898382 0.025172
0.345000 0.003072 0.000002 0.059785 0.000041 0.002821 0.000004 0.073025 0.000087 25.885338 0.025443
0.350000 0.003113 0.000002 0.060843 0.000043 0.002862 0.000004 0.074042 0.000089 25.870623 0.025634
0.355000 0.003154 0.000002 0.061900 0.000044 0.002904 0.000004 0.075059 0.000092 25.853958 0.025948
0.360000 0.003195 0.000002 0.062957 0.000045 0.002945 0.000004 0.076078 0.000094 25.835469 0.026146
0.365000 0.003236 0.000002 0.064014 0.000046 0.002987 0.000004 0.077096 0.000096 25.815670 0.026302
0.370000 0.003277 0.000002 0.065069 0.000048 0.003029 0.000004 0.078117 0.000099 25.793897 0.026582
0.375000 0.003318 0.000002 0.066125 0.000049 0.003071 0.000005 0.079139 0.000101 25.771273 0.026801
0.380000 0.003359 0.000002 0.067180 0.000050 0.003114 0.000005 0.080162 0.000103 25.747544 0.026955
0.385000 0.003400 0.000002 0.068234 0.000052 0.003157 0.000005 0.081187 0.000106 25.722646 0.027218
0.390000 0.003441 0.000003 0.069289 0.000053 0.003200 0.000005 0.082214 0.000108 25.697156 0.027328
0.395000 0.003482 0.000003 0.070342 0.000054 0.003243 0.000005 0.083244 0.000111 25.670536 0.027523
0.400000 0.003523 0.000003 0.071396 0.000056 0.003287 0.000005 0.084276 0.000113 25.643478 0.027799
0.405000 0.003564 0.000003 0.072449 0.000057 0.003331 0.000005 0.085311 0.000116 25.615664 0.027788
0.410000 0.003605 0.000003 0.073502 0.000059 0.003375 0.000005 0.086348 0.000119 25.587503 0.027989
0.415000 0.003646 0.000003 0.074555 0.000060 0.003420 0.000005 0.087388 0.000121 25.558966 0.028242
0.420000 0.003688 0.000003 0.075608 0.000061 0.003464 0.000006 0.088432 0.000124 25.530376 0.028298
0.425000 0.003729 0.000003 0.076661 0.000063 0.003509 0.000006 0.089478 0.000126 25.501012 0.028476
0.430000 0.003770 0.000003 0.077714 0.000064 0.003555 0.000006 0.090528 0.000129 25.471868 0.028602
0.435000 0.003812 0.000003 0.078766 0.000066 0.003600 0.000006 0.091581 0.000132 25.442765 0.028614
0.440000 0.003853 0.000003 0.079819 0.000067 0.003646 0.000006 0.092637 0.000134 25.412725 0.028809
0.445000 0.003894 0.000003 0.080872 0.000069 0.003692 0.000006 0.093697 0.000137 25.383201 0.029020
0.450000 0.003936 0.000003 0.081924 0.000070 0.003738 0.000006 0.094762 0.000140 25.353657 0.029018
0.455000 0.003977 0.000003 0.082977 0.000072 0.003785 0.000006 0.095829 0.000142 25.323883 0.029145
0.460000 0.004019 0.000003 0.084031 0.000073 0.003831 0.000007 0.096900 0.000145 25.295071 0.029287
0.465000 0.004061 0.000004 0.085084 0.000075 0.003878 0.000007 0.097976 0.000148 25.266078 0.029255
0.470000 0.004102 0.000004 0.086138 0.000077 0.003926 0.000007 0.099055 0.000151 25.236570 0.029479
0.475000 0.004144 0.000004 0.087192 0.000078 0.003973 0.000007 0.100137 0.000154 25.208043 0.029591
0.480000 0.004186 0.000004 0.088246 0.000080 0.004021 0.000007 0.101225 0.000157 25.179079 0.029562
0.485000 0.004228 0.000004 0.089300 0.000081 0.004069 0.000007 0.102316 0.000159 25.150433 0.029685
0.490000 0.004270 0.000004 0.090355 0.000083 0.004117 0.000007 0.103410 0.000162 25.122806 0.029782
0.495000 0.004312 0.000004 0.091411 0.000085 0.004165 0.000007 0.104509 0.000165 25.094837 0.029847
0.500000 0.004354 0.000004 0.092467 0.000086 0.004214 0.000008 0.105614 0.000168 25.067692 0.029895
0.505000 0.004396 0.000004 0.093523 0.000088 0.004263 0.000008 0.106721 0.000171 25.040027 0.029867
0.510000 0.004439 0.000004 0.094580 0.000089 0.004312 0.000008 0.107832 0.000174 25.012880 0.030073
0.515000 0.004481 0.000004 0.095637 0.000091 0.004361 0.000008 0.108947 0.000177 24.986554 0.030203
0.520000 0.004523 0.000004 0.096696 0.000093 0.004410 0.000008 0.110068 0.000180 24.960639 0.030017
0.525000 0.004566 0.000004 0.097754 0.000094 0.004460 0.000008 0.111192 0.000183 24.934684 0.030297
0.530000 0.004608 0.000004 0.098813 0.000096 0.004510 0.000008 0.112321 0.000186 24.909066 0.030323
0.535000 0.004651 0.000005 0.099873 0.000098 0.004560 0.000008 0.113453 0.000189 24.884258 0.030237
0.540000 0.004693 0.000005 0.100934 0.000100 0.004610 0.000009 0.114589 0.000193 24.859325 0.030335
0.545000 0.004736 0.000005 0.101995 0.000101 0.004661 0.000009 0.115731 0.000195 24.834871 0.030447
0.550000 0.004779 0.000005 0.103058 0.000103 0.004711 0.000009 0.116875 0.000199 24.811106 0.030592
0.555000 0.004822 0.000005 0.104120 0.000105 0.004762 0.000009 0.118025 0.000202 24.787652 0.030544
0.560000 0.004865 0.000005 0.105184 0.000107 0.004813 0.000009 0.119179 0.000205 24.764349 0.030565
0.565000 0.004908 0.000005 0.106249 0.000108 0.004864 0.000009 0.120335 0.000208 24.742025 0.030559
0.570000 0.004951 0.000005 0.107314 0.000110 0.004916 0.000009 0.121498 0.000212 24.718821 0.030638
0.575000 0.004994 0.000005 0.108380 0.000112 0.004968 0.000010 0.122664 0.000215 24.696805 0.030624
0.580000 0.005037 0.000005 0.109447 0.000114 0.005019 0.000010 0.123832 0.000218 24.676097 0.030642
0.585000 0.005081 0.000005 0.110515 0.000116 0.005071 0.000010 0.125008 0.000222 24.654532 0.030616
0.590000 0.005124 0.000005 0.111584 0.000117 0.005123 0.000010 0.126187 0.000225 24.634145 0.030875
0.595000 0.005167 0.000006 0.112654 0.000119 0.005176 0.000010 0.127367 0.000228 24.613417 0.031036
0.600000 0.005211 0.000006 0.113725 0.000121 0.005228 0.000010 0.128553 0.000232 24.592120 0.030870
0.605000 0.005255 0.000006 0.114797 0.000123 0.005281 0.000010 0.129744 0.000235 24.572784 0.030868
0.610000 0.005298 0.000006 0.115869 0.000125 0.005334 0.000010 0.130936 0.000238 24.553711 0.030828
0.615000 0.005342 0.000006 0.116943 0.000127 0.005387 0.000011 0.132137 0.000242 24.535336 0.031020
0.620000 0.005386 0.000006 0.118018 0.000129 0.005440 0.000011 0.133339 0.000245 24.516337 0.031004
0.625000 0.005430 0.000006 0.119094 0.000131 0.005493 0.000011 0.134542 0.000248 24.498398 0.030870
0.630000 0.005474 0.000006 0.120171 0.000133 0.005546 0.000011 0.135752 0.000253 24.480431 0.031129
0.635000 0.005518 0.000006 0.121249 0.000135 0.005600 0.000011 0.136967 0.000256 24.461771 0.031068
0.640000 0.005562 0.000006 0.122328 0.000137 0.005654 0.000011 0.138185 0.000260 24.446078 0.030979
0.645000 0.005606 0.000006 0.123408 0.000138 0.005708 0.000011 0.139404 0.000263 24.428696 0.031106
0.650000 0.005650 0.000006 0.124489 0.000140 0.005762 0.000012 0.140630 0.000267 24.412379 0.031192
0.655000 0.005695 0.000007 0.125571 0.000142 0.005816 0.000012 0.141859 0.000271 24.395624 0.031206
0.660000 0.005739 0.000007 0.126655 0.000144 0.005870 0.000012 0.143090 0.000274 24.379326 0.030943
0.665000 0.005784 0.000007 0.127739 0.000146 0.005925 0.000012 0.144326 0.000278 24.365432 0.031338
0.670000 0.005828 0.000007 0.128825 0.000148 0.005979 0.000012 0.145563 0.000283 24.348653 0.031478
0.675000 0.005873 0.000007 0.129912 0.000151 0.006034 0.000012 0.146808 0.000285 24.334091 0.031158
0.680000 0.005918 0.000007 0.131000 0.000153 0.006089 0.000012 0.148058 0.000289 24.320787 0.031267
0.685000 0.005962 0.000007 0.132089 0.000155 0.006144 0.000012 0.149306 0.000293 24.304409 0.031162
0.690000 0.006007 0.000007 0.133180 0.000157 0.006199 0.000013 0.150557 0.000297 24.290263 0.031327
0.695000 0.006052 0.000007 0.134271 0.000159 0.006254 0.000013 0.151817 0.000301 24.278122 0.031283
0.700000 0.006097 0.000007 0.135364 0.000161 0.006310 0.000013 0.153077 0.000305 24.264049 0.031315
0.705000 0.006142 0.000007 0.136458 0.000163 0.006365 0.000013 0.154341 0.000309 24.251620 0.031307
0.710000 0.006188 0.000008 0.137553 0.000165 0.006421 0.000013 0.155607 0.000313 24.239403 0.031345
0.715000 0.006233 0.000008 0.138650 0.000167 0.006477 0.000013 0.156876 0.000317 24.225379 0.031690
0.720000 0.006278 0.000008 0.139747 0.000169 0.006533 0.000013 0.158153 0.000321 24.212678 0.031243
0.725000 0.006324 0.000008 0.140846 0.000172 0.006589 0.000014 0.159433 0.000325 24.201069 0.031149
0.730000 0.006369 0.000008 0.141946 0.000174 0.006645 0.000014 0.160707 0.000329 24.188418 0.031498
0.735000 0.006415 0.000008 0.143048 0.000176 0.006701 0.000014 0.161990 0.000333 24.177367 0.031476
0.740000 0.006460 0.000008 0.144150 0.000178 0.006758 0.000014 0.163279 0.000337 24.166171 0.031459
0.745000 0.006506 0.000008 0.145254 0.000180 0.006815 0.000014 0.164572 0.000341 24.154465 0.031547
0.750000 0.006552 0.000008 0.146359 0.000182 0.006871 0.000014 0.165862 0.000346 24.144223 0.031542
0.755000 0.006598 0.000008 0.147466 0.000185 0.006928 0.000014 0.167156 0.000350 24.133897 0.031627
0.760000 0.006644 0.000008 0.148573 0.000187 0.006985 0.000015 0.168458 0.000353 24.123568 0.031352
0.765000 0.006690 0.000009 0.149682 0.000189 0.007042 0.000015 0.169760 0.000358 24.112961 0.031365
0.770000 0.006736 0.000009 0.150792 0.000191 0.007099 0.000015 0.171066 0.000362 24.102369 0.031783
0.775000 0.006782 0.000009 0.151904 0.000194 0.007156 0.000015 0.172371 0.000366 24.092586 0.031661
0.780000 0.006828 0.000009 0.153017 0.000196 0.007213 0.000015 0.173684 0.000371 24.083978 0.031393
0.785000 0.006874 0.000009 0.154131 0.000198 0.007271 0.000015 0.174999 0.000375 24.074106 0.031689
0.790000 0.006921 0.000009 0.155246 0.000201 0.007328 0.000015 0.176313 0.000379 24.064646 0.031399
0.795000 0.006967 0.000009 0.156362 0.000203 0.007385 0.000015 0.177633 0.000384 24.056472 0.031433
0.800000 0.007013 0.000009 0.157480 0.000205 0.007443 0.000016 0.178953 0.000388 24.046570 0.031873
0.805000 0.007060 0.000009 0.158599 0.000208 0.007501 0.000016 0.180278 0.000391 24.037538 0.031569
0.810000 0.007107 0.000009 0.159720 0.000210 0.007559 0.000016 0.181608 0.000396 24.030373 0.031774
0.815000 0.007153 0.000009 0.160841 0.000212 0.007617 0.000016 0.182940 0.000402 24.022478 0.031899
0.820000 0.007200 0.000010 0.161964 0.000215 0.007675 0.000016 0.184271 0.000405 24.014341 0.031489
0.825000 0.007247 0.000010 0.163089 0.000217 0.007733 0.000016 0.185608 0.000409 24.005503 0.031608
0.830000 0.007294 0.000010 0.164214 0.000219 0.007792 0.000017 0.186945 0.000414 23.997250 0.031585
0.835000 0.007341 0.000010 0.165341 0.000222 0.007850 0.000017 0.188286 0.000418 23.989469 0.031880
0.840000 0.007388 0.000010 0.166469 0.000224 0.007908 0.000017 0.189628 0.000423 23.982767 0.031701
0.845000 0.007435 0.000010 0.167598 0.000227 0.007967 0.000017 0.190973 0.000428 23.976350 0.031560
0.850000 0.007482 0.000010 0.168729 0.000229 0.008026 0.000017 0.192324 0.000431 23.967650 0.031656
0.855000 0.007529 0.000010 0.169861 0.000232 0.008084 0.000017 0.193674 0.000437 23.961371 0.031763
0.860000 0.007577 0.000010 0.170994 0.000234 0.008143 0.000017 0.195029 0.000442 23.955359 0.031877
0.865000 0.007624 0.000010 0.172129 0.000237 0.008202 0.000017 0.196384 0.000445 23.948360 0.031681
0.870000 0.007671 0.000011 0.173265 0.000239 0.008261 0.000017 0.197738 0.000449 23.941285 0.031895
0.875000 0.007719 0.000011 0.174402 0.000242 0.008320 0.000018 0.199099 0.000454 23.934456 0.031681
0.880000 0.007767 0.000011 0.175540 0.000244 0.008379 0.000018 0.200467 0.000459 23.928722 0.031677
0.885000 0.007814 0.000011 0.176680 0.000247 0.008438 0.000018 0.201829 0.000464 23.922602 0.031993
0.890000 0.007862 0.000011 0.177821 0.000249 0.008498 0.000018 0.203192 0.000468 23.916393 0.031718
0.895000 0.007910 0.000011 0.178963 0.000252 0.008557 0.000018 0.204569 0.000472 23.911422 0.031620
0.900000 0.007958 0.000011 0.180106 0.000254 0.008617 0.000018 0.205942 0.000477 23.905069 0.031949
0.905000 0.008005 0.000011 0.181251 0.000257 0.008676 0.000018 0.207311 0.000481 23.898636 0.031664
0.910000 0.008053 0.000011 0.182397 0.000259 0.008736 0.000019 0.208685 0.000487 23.893442 0.031734
0.915000 0.008101 0.000011 0.183544 0.000262 0.008795 0.000019 0.210070 0.000490 23.888660 0.031868
0.920000 0.008150 0.000012 0.184693 0.000265 0.008855 0.000019 0.211447 0.000495 23.883188 0.031820
0.925000 0.008198 0.000012 0.185843 0.000267 0.008915 0.000019 0.212828 0.000499 23.877501 0.031717
0.930000 0.008246 0.000012 0.186994 0.000270 0.008975 0.000019 0.214214 0.000504 23.872558 0.031815
0.935000 0.008294 0.000012 0.188146 0.000272 0.009035 0.000019 0.215598 0.000510 23.867226 0.031811
0.940000 0.008343 0.000012 0.189300 0.000275 0.009095 0.000019 0.216992 0.000513 23.863015 0.031807
0.945000 0.008391 0.000012 0.190454 0.000278 0.009155 0.000020 0.218380 0.000517 23.858018 0.031706
0.950000 0.008439 0.000012 0.191610 0.000280 0.009215 0.000020 0.219777 0.000522 23.853681 0.031756
0.955000 0.008488 0.000012 0.192768 0.000283 0.009276 0.000020 0.221171 0.000528 23.848890 0.031860
0.960000 0.008537 0.000012 0.193926 0.000286 0.009336 0.000020 0.222563 0.000531 23.843833 0.031640
0.965000 0.008585 0.000012 0.195086 0.000288 0.009396 0.000020 0.223964 0.000535 23.839776 0.031787
0.970000 0.008634 0.000013 0.196247 0.000291 0.009457 0.000020 0.225361 0.000541 23.835202 0.031760
0.975000 0.008683 0.000013 0.197409 0.000294 0.009518 0.000020 0.226764 0.000546 23.830814 0.031691
0.980000 0.008732 0.000013 0.198573 0.000296 0.009578 0.000020 0.228172 0.000550 23.826853 0.031809
0.985000 0.008780 0.000013 0.199738 0.000299 0.009639 0.000021 0.229573 0.000554 23.822547 0.031662
0.990000 0.008829 0.000013 0.200904 0.000302 0.009700 0.000021 0.230984 0.000559 23.818852 0.031821
0.995000 0.008878 0.000013 0.202071 0.000305 0.009760 0.000021 0.232397 0.000564 23.815056 0.031734
1.000000 0.008927 0.000013 0.203239 0.000307 0.009821 0.000021 0.233810 0.000569 23.811508 0.031739
1.005000 0.008977 0.000013 0.204409 0.000310 0.009882 0.000021 0.235223 0.000572 23.807597 0.031698
1.010000 0.009026 0.000013 0.205580 0.000313 0.009943 0.000021 0.236628 0.000576 23.802805 0.031726
1.015000 0.009075 0.000013 0.206752 0.000316 0.010004 0.000021 0.238047 0.000582 23.799385 0.031831
1.020000 0.009124 0.000014 0.207925 0.000318 0.010065 0.000022 0.239470 0.000588 23.796197 0.031601
1.025000 0.009174 0.000014 0.209100 0.000321 0.010127 0.000022 0.240889 0.000592 23.792795 0.031731
1.030000 0.009223 0.000014 0.210275 0.000324 0.010188 0.000022 0.242312 0.000594 23.789343 0.031603
1.035000 0.009273 0.000014 0.211452 0.000327 0.010249 0.000022 0.243730 0.000601 23.785547 0.031599
1.040000 0.009322 0.000014 0.212630 0.000330 0.010310 0.000022 0.245164 0.000605 23.783110 0.031742
1.045000 0.009372 0.000014 0.213809 0.000332 0.010372 0.000022 0.246590 0.000611 23.779565 0.031726
1.050000 0.009421 0.000014 0.214990 0.000335 0.010433 0.000022 0.248010 0.000616 23.775539 0.031605
1.055000 0.009471 0.000014 0.216171 0.000338 0.010495 0.000023 0.249442 0.000617 23.772700 0.031407
1.060000 0.009521 0.000014 0.217354 0.000341 0.010557 0.000023 0.250875 0.000624 23.769617 0.031601
1.065000 0.009571 0.000014 0.218538 0.000344 0.010618 0.000023 0.252310 0.000630 23.766793 0.031696
1.070000 0.009621 0.000015 0.219723 0.000347 0.010680 0.000023 0.253749 0.000635 23.764415 0.031781
1.075000 0.009671 0.000015 0.220910 0.000349 0.010742 0.000023 0.255174 0.000637 23.760222 0.031621
1.080000 0.009721 0.000015 0.222097 0.000352 0.010804 0.000023 0.256616 0.000642 23.757883 0.031469
1.085000 0.009771 0.000015 0.223286 0.000355 0.010865 0.000023 0.258064 0.000649 23.756095 0.031607
1.090000 0.009821 0.000015 0.224476 0.000358 0.010927 0.000024 0.259495 0.000652 23.752132 0.031476
1.095000 0.009871 0.000015 0.225666 0.000361 0.010989 0.000024 0.260933 0.000656 23.748978 0.031501
1.100000 0.009921 0.000015 0.226858 0.000364 0.011051 0.000024 0.262383 0.000661 23.747102 0.031559
1.105000 0.009971 0.000015 0.228052 0.000367 0.011114 0.000024 0.263829 0.000666 23.744532 0.031526
1.110000 0.010022 0.000015 0.229246 0.000370 0.011176 0.000024 0.265267 0.000672 23.741080 0.031497
1.115000 0.010072 0.000015 0.230442 0.000373 0.011238 0.000024 0.266728 0.000676 23.739630 0.031622
1.120000 0.010122 0.000016 0.231638 0.000376 0.011300 0.000024 0.268175 0.000679 23.737109 0.031481
1.125000 0.010173 0.000016 0.232836 0.000379 0.011363 0.000025 0.269614 0.000686 23.733536 0.031476
1.130000 0.010223 0.000016 0.234035 0.000382 0.011425 0.000025 0.271078 0.000690 23.732117 0.031478
1.135000 0.010274 0.000016 0.235235 0.000385 0.011487 0.000025 0.272526 0.000693 23.729428 0.031382
1.140000 0.010325 0.000016 0.236436 0.000387 0.011550 0.000025 0.273980 0.000700 23.726815 0.031529
1.145000 0.010375 0.000016 0.237638 0.000390 0.011612 0.000025 0.275439 0.000704 23.724794 0.031446
1.150000 0.010426 0.000016 0.238842 0.000393 0.011675 0.000025 0.276885 0.000709 23.721549 0.031399
1.155000 0.010477 0.000016 0.240046 0.000396 0.011737 0.000025 0.278361 0.000713 23.720997 0.031591
1.160000 0.010528 0.000016 0.241252 0.000399 0.011800 0.000026 0.279819 0.000719 23.718685 0.031615
1.165000 0.010579 0.000017 0.242458 0.000402 0.011863 0.000026 0.281262 0.000721 23.714960 0.031234
1.170000 0.010629 0.000017 0.243666 0.000405 0.011926 0.000026 0.282738 0.000727 23.713655 0.031466
1.175000 0.010680 0.000017 0.244875 0.000408 0.011988 0.000026 0.284199 0.000736 23.711486 0.031705
1.180000 0.010732 0.000017 0.246085 0.000411 0.012051 0.000026 0.285658 0.000736 23.709158 0.031309
1.185000 0.010783 0.000017 0.247296 0.000414 0.012114 0.000026 0.287130 0.000740 23.707430 0.031399
1.190000 0.010834 0.000017 0.248508 0.000418 0.012177 0.000026 0.288591 0.000747 23.704938 0.031561
1.195000 0.010885 0.000017 0.249721 0.000421 0.012240 0.000027 0.290058 0.000750 23.702795 0.031514
1.200000 0.010936 0.000017 0.250935 0.000424 0.012303 0.000027 0.291540 0.000757 23.702056 0.031443
1.205000 0.010987 0.000017 0.252150 0.000427 0.012366 0.000027 0.293013 0.000759 23.700175 0.031344
1.210000 0.011039 0.000018 0.253366 0.000430 0.012429 0.000027 0.294464 0.000766 23.696251 0.031542
1.215000 0.011090 0.000018 0.254584 0.000433 0.012492 0.000027 0.295936 0.000772 23.694837 0.031547
1.220000 0.011142 0.000018 0.255802 0.000436 0.012556 0.000027 0.297427 0.000773 23.694295 0.031542
1.225000 0.011193 0.000018 0.257022 0.000439 0.012619 0.000027 0.298899 0.000778 23.691996 0.031566
1.230000 0.011245 0.000018 0.258242 0.000442 0.012682 0.000028 0.300372 0.000783 23.690372 0.031378
1.235000 0.011296 0.000018 0.259464 0.000445 0.012745 0.000028 0.301851 0.000790 23.688516 0.031716
1.240000 0.011348 0.000018 0.260686 0.000448 0.012809 0.000028 0.303326 0.000792 23.686188 0.031297
1.245000 0.011399 0.000018 0.261910 0.000451 0.012872 0.000028 0.304803 0.000797 23.684714 0.031305
1.250000 0.011451 0.000018 0.263134 0.000454 0.012936 0.000028 0.306273 0.000804 23.682258 0.031797
1.255000 0.011503 0.000018 0.264360 0.000458 0.012999 0.000028 0.307762 0.000806 23.680918 0.031613
1.260000 0.011555 0.000019 0.265587 0.000461 0.013063 0.000028 0.309249 0.000809 23.679937 0.031325
1.265000 0.011607 0.000019 0.266814 0.000464 0.013126 0.000028 0.310737 0.000820 23.678311 0.031614
1.270000 0.011659 0.000019 0.268043 0.000467 0.013190 0.000029 0.312220 0.000821 23.676657 0.031692
1.275000 0.011711 0.000019 0.269273 0.000470 0.013253 0.000029 0.313703 0.000822 23.675129 0.031236
1.280000 0.011763 0.000019 0.270504 0.000473 0.013317 0.000029 0.315186 0.000830 23.673164 0.031582
1.285000 0.011815 0.000019 0.271735 0.000476 0.013381 0.000029 0.316671 0.000835 23.671658 0.031449
1.290000 0.011867 0.000019 0.272968 0.000479 0.013445 0.000029 0.318153 0.000836 23.669653 0.031385
1.295000 0.011919 0.000019 0.274202 0.000483 0.013508 0.000029 0.319654 0.000845 23.668681 0.031771
1.300000 0.011971 0.000019 0.275436 0.000486 0.013572 0.000029 0.321132 0.000851 23.666327 0.031557
1.305000 0.012023 0.000020 0.276672 0.000489 0.013636 0.000030 0.322607 0.000848 23.663868 0.031282
1.310000 0.012075 0.000020 0.277908 0.000492 0.013700 0.000030 0.324129 0.000858 23.664917 0.031586
1.315000 0.012128 0.000020 0.279146 0.000495 0.013764 0.000030 0.325627 0.000864 23.663822 0.031710
1.320000 0.012180 0.000020 0.280385 0.000498 0.013828 0.000030 0.327095 0.000865 23.660313 0.031572
1.325000 0.012233 0.000020 0.281624 0.000502 0.013892 0.000030 0.328588 0.000871 23.658882 0.031457
1.330000 0.012285 0.000020 0.282865 0.000505 0.013956 0.000030 0.330099 0.000873 23.658943 0.031602
1.335000 0.012337 0.000020 0.284106 0.000508 0.014020 0.000030 0.331583 0.000880 23.656908 0.031563
1.340000 0.012390 0.000020 0.285348 0.000511 0.014084 0.000031 0.333073 0.000885 23.654329 0.031255
1.345000 0.012443 0.000020 0.286592 0.000514 0.014148 0.000031 0.334596 0.000887 23.655197 0.031403
1.350000 0.012495 0.000021 0.287836 0.000517 0.014212 0.000031 0.336086 0.000893 23.653637 0.031577
1.355000 0.012548 0.000021 0.289081 0.000521 0.014277 0.000031 0.337567 0.000897 23.650609 0.031485
1.360000 0.012601 0.000021 0.290327 0.000524 0.014341 0.000031 0.339087 0.000900 23.651067 0.031594
1.365000 0.012653 0.000021 0.291574 0.000527 0.014405 0.000031 0.340574 0.000905 23.648607 0.031348
1.370000 0.012706 0.000021 0.292822 0.000530 0.014469 0.000031 0.342066 0.000909 23.646948 0.031138
1.375000 0.012759 0.000021 0.294071 0.000533 0.014533 0.000031 0.343582 0.000916 23.646799 0.031620
1.380000 0.012812 0.000021 0.295321 0.000537 0.014598 0.000032 0.345092 0.000924 23.645831 0.031689
1.385000 0.012865 0.000021 0.296572 0.000540 0.014662 0.000032 0.346573 0.000920 23.643422 0.031334
1.390000 0.012918 0.000021 0.297823 0.000543 0.014726 0.000032 0.348080 0.000927 23.642346 0.031290
1.395000 0.012971 0.000021 0.299076 0.000546 0.014791 0.000032 0.349604 0.000934 23.642187 0.031351
1.400000 0.013024 0.000022 0.300330 0.000549 0.014855 0.000032 0.351105 0.000936 23.641202 0.031321
1.405000 0.013077 0.000022 0.301584 0.000553 0.014919 0.000032 0.352594 0.000938 23.639063 0.031398
1.410000 0.013130 0.000022 0.302839 0.000556 0.014984 0.000032 0.354108 0.000946 23.638093 0.031160
1.415000 0.013183 0.000022 0.304095 0.000559 0.015048 0.000033 0.355634 0.000952 23.638449 0.031308
1.420000 0.013236 0.000022 0.305352 0.000562 0.015113 0.000033 0.357124 0.000955 23.636330 0.031434
1.425000 0.013289 0.000022 0.306610 0.000566 0.015177 0.000033 0.358622 0.000956 23.634420 0.031266
1.430000 0.013343 0.000022 0.307869 0.000569 0.015242 0.000033 0.360151 0.000959 23.634204 0.031187
1.435000 0.013396 0.000022 0.309129 0.000572 0.015306 0.000033 0.361654 0.000968 23.633245 0.031335
1.440000 0.013449 0.000022 0.310389 0.000575 0.015371 0.000033 0.363158 0.000974 23.632211 0.031241
1.445000 0.013503 0.000023 0.311651 0.000579 0.015436 0.000033 0.364698 0.000976 23.632377 0.030910
1.450000 0.013556 0.000023 0.312913 0.000582 0.015500 0.000034 0.366185 0.000984 23.630071 0.031631
1.455000 0.013610 0.000023 0.314176 0.000585 0.015565 0.000034 0.367689 0.000988 23.628631 0.031348
1.460000 0.013663 0.000023 0.315440 0.000588 0.015630 0.000034 0.369237 0.000983 23.629945 0.030460
1.465000 0.013717 0.000023 0.316705 0.000592 0.015694 0.000034 0.370730 0.000990 23.627938 0.030981
1.470000 0.013770 0.000023 0.317971 0.000595 0.015759 0.000034 0.372220 0.000998 23.624865 0.031364
1.475000 0.013824 0.000023 0.319237 0.000598 0.015824 0.000034 0.373749 0.001002 23.625361 0.030961
1.480000 0.013878 0.000023 0.320505 0.000601 0.015888 0.000035 0.375285 0.001002 23.626018 0.030596
1.485000 0.013931 0.000023 0.321773 0.000605 0.015953 0.000035 0.376803 0.001013 23.624801 0.031329
1.490000 0.013985 0.000024 0.323042 0.000608 0.016018 0.000035 0.378299 0.001017 23.622759 0.031300
1.495000 0.014039 0.000024 0.324312 0.000611 0.016083 0.000035 0.379805 0.001015 23.621609 0.030527
1.500000 0.014093 0.000024 0.325583 0.000614 0.016148 0.000035 0.381364 0.001026 23.623419 0.030901
1.505000 0.014146 0.000024 0.326854 0.000618 0.016213 0.000035 0.382847 0.001030 23.620015 0.030885
1.510000 0.014200 0.000024 0.328127 0.000621 0.016277 0.000035 0.384369 0.001030 23.619761 0.030783
1.515000 0.014254 0.000024 0.329400 0.000624 0.016342 0.000036 0.385913 0.001039 23.620878 0.030996
1.520000 0.014308 0.000024 0.330674 0.000627 0.016407 0.000036 0.387416 0.001043 23.618923 0.030850
1.525000 0.014362 0.000024 0.331949 0.000631 0.016472 0.000036 0.388948 0.001044 23.618687 0.030487
1.530000 0.014416 0.000024 0.333224 0.000634 0.016537 0.000036 0.390446 0.001049 23.616670 0.030649
1.535000 0.014470 0.000025 0.334501 0.000637 0.016602 0.000036 0.391977 0.001054 23.616732 0.030789
1.540000 0.014524 0.000025 0.335778 0.000640 0.016667 0.000036 0.393505 0.001063 23.616293 0.030822
1.545000 0.014578 0.000025 0.337056 0.000644 0.016732 0.000037 0.395006 0.001067 23.614428 0.030875
1.550000 0.014633 0.000025 0.338335 0.000647 0.016796 0.000037 0.396541 0.001070 23.614671 0.030669
1.555000 0.014687 0.000025 0.339614 0.000650 0.016861 0.000037 0.398067 0.001071 23.614365 0.030478
1.560000 0.014741 0.000025 0.340894 0.000653 0.016926 0.000037 0.399538 0.001076 23.610484 0.030566
1.565000 0.014795 0.000025 0.342175 0.000657 0.016991 0.000037 0.401133 0.001083 23.614042 0.030766
1.570000 0.014850 0.000025 0.343458 0.000660 0.017056 0.000037 0.402692 0.001089 23.615793 0.030763
1.575000 0.014904 0.000025 0.344740 0.000663 0.017121 0.000037 0.404128 0.001090 23.609863 0.030395
1.580000 0.014958 0.000026 0.346023 0.000667 0.017186 0.000038 0.405676 0.001098 23.610727 0.030293
1.585000 0.015013 0.000026 0.347308 0.000670 0.017251 0.000038 0.407205 0.001103 23.610207 0.030569
1.590000 0.015067 0.000026 0.348593 0.000673 0.017317 0.000038 0.408720 0.001105 23.609140 0.030411
1.595000 0.015122 0.000026 0.349878 0.000676 0.017382 0.000038 0.410287 0.001108 23.610916 0.030353
1.600000 0.015176 0.000026 0.351165 0.000680 0.017447 0.000038 0.411789 0.001113 23.608918 0.030303
1.605000 0.015231 0.000026 0.352452 0.000683 0.017512 0.000038 0.413293 0.001127 23.607230 0.030806
1.610000 0.015285 0.000026 0.353740 0.000686 0.017577 0.000039 0.414826 0.001129 23.607085 0.030516
1.615000 0.015340 0.000026 0.355029 0.000690 0.017642 0.000039 0.416367 0.001132 23.607212 0.030495
1.620000 0.015394 0.000026 0.356318 0.000693 0.017707 0.000039 0.417886 0.001135 23.606318 0.030533
1.625000 0.015449 0.000027 0.357608 0.000696 0.017772 0.000039 0.419429 0.001141 23.606619 0.030245
1.630000 0.015504 0.000027 0.358899 0.000700 0.017837 0.000039 0.420948 0.001145 23.605388 0.030534
1.635000 0.015559 0.000027 0.360191 0.000703 0.017902 0.000040 0.422480 0.001144 23.605519 0.030212
1.640000 0.015613 0.000027 0.361483 0.000706 0.017967 0.000040 0.424015 0.001152 23.605826 0.030153
1.645000 0.015668 0.000027 0.362776 0.000709 0.018032 0.000040 0.425525 0.001162 23.604077 0.030352
1.650000 0.015723 0.000027 0.364070 0.000713 0.018098 0.000040 0.427081 0.001175 23.604670 0.030702
1.655000 0.015778 0.000027 0.365364 0.000716 0.018163 0.000040 0.428587 0.001170 23.603274 0.030375
1.660000 0.015833 0.000027 0.366660 0.000719 0.018228 0.000041 0.430122 0.001172 23.603265 0.030192
1.665000 0.015888 0.000027 0.367956 0.000723 0.018293 0.000041 0.431651 0.001190 23.602207 0.030537
1.670000 0.015943 0.000028 0.369252 0.000726 0.018358 0.000041 0.433170 0.001190 23.601374 0.030546
1.675000 0.015998 0.000028 0.370549 0.000729 0.018424 0.000041 0.434713 0.001194 23.601600 0.030454
1.680000 0.016053 0.000028 0.371847 0.000733 0.018489 0.000041 0.436231 0.001202 23.600586 0.030501
1.685000 0.016108 0.000028 0.373146 0.000736 0.018554 0.000042 0.437793 0.001202 23.601827 0.030515
1.690000 0.016163 0.000028 0.374445 0.000739 0.018619 0.000042 0.439302 0.001202 23.599961 0.030016
1.695000 0.016218 0.000028 0.375745 0.000743 0.018685 0.000042 0.440829 0.001213 23.599533 0.030312
1.700000 0.016273 0.000028 0.377046 0.000746 0.018750 0.000042 0.442397 0.001214 23.601204 0.030257
1.705000 0.016328 0.000028 0.378348 0.000749 0.018815 0.000042 0.443898 0.001223 23.599038 0.030335
1.710000 0.016383 0.000028 0.379650 0.000753 0.018881 0.000043 0.445411 0.001242 23.597268 0.030963
1.715000 0.016438 0.000029 0.380953 0.000756 0.018945 0.000043 0.446967 0.001241 23.598768 0.030445
1.720000 0.016494 0.000029 0.382256 0.000759 0.019011 0.000043 0.448506 0.001240 23.598763 0.030424
1.725000 0.016549 0.000029 0.383560 0.000763 0.019076 0.000043 0.450028 0.001251 23.597188 0.030824
1.730000 0.016604 0.000029 0.384865 0.000766 0.019142 0.000043 0.451564 0.001255 23.596964 0.030591
1.735000 0.016660 0.000029 0.386170 0.000769 0.019206 0.000044 0.453073 0.001256 23.595970 0.030132
1.740000 0.016715 0.000029 0.387476 0.000773 0.019272 0.000044 0.454634 0.001268 23.596247 0.030782
1.745000 0.016770 0.000029 0.388783 0.000776 0.019338 0.000044 0.456186 0.001276 23.597093 0.030740
1.750000 0.016826 0.000029 0.390090 0.000779 0.019402 0.000044 0.457657 0.001277 23.594434 0.030463
1.755000 0.016881 0.000029 0.391398 0.000783 0.019468 0.000045 0.459212 0.001291 23.594290 0.031133
1.760000 0.016937 0.000030 0.392707 0.000786 0.019534 0.000045 0.460801 0.001289 23.596267 0.030667
1.765000 0.016992 0.000030 0.394016 0.000790 0.019599 0.000045 0.462301 0.001291 23.594517 0.030717
1.770000 0.017048 0.000030 0.395326 0.000793 0.019664 0.000045 0.463799 0.001298 23.592493 0.030513
1.775000 0.017103 0.000030 0.396637 0.000796 0.019729 0.000045 0.465368 0.001317 23.593800 0.030981
1.780000 0.017159 0.000030 0.397948 0.000800 0.019795 0.000046 0.466941 0.001317 23.595386 0.030661
1.785000 0.017215 0.000030 0.399260 0.000803 0.019860 0.000046 0.468411 0.001308 23.591581 0.030252
1.790000 0.017270 0.000030 0.400572 0.000806 0.019926 0.000046 0.469929 0.001331 23.590498 0.031164
1.795000 0.017326 0.000030 0.401885 0.000810 0.019991 0.000046 0.471485 0.001340 23.590768 0.031026
1.800000 0.017382 0.000030 0.403199 0.000813 0.020057 0.000047 0.473041 0.001336 23.591453 0.030967
1.805000 0.017437 0.000031 0.404513 0.000817 0.020122 0.000047 0.474598 0.001342 23.592934 0.030992
1.810000 0.017493 0.000031 0.405828 0.000820 0.020188 0.000047 0.476101 0.001366 23.590348 0.031552
1.815000 0.017549 0.000031 0.407144 0.000823 0.020253 0.000047 0.477662 0.001355 23.590790 0.031147
1.820000 0.017605 0.000031 0.408460 0.000827 0.020318 0.000048 0.479173 0.001361 23.589986 0.030907
1.825000 0.017660 0.000031 0.409777 0.000830 0.020384 0.000048 0.480664 0.001382 23.587335 0.031211
1.830000 0.017716 0.000031 0.411094 0.000834 0.020449 0.000048 0.482262 0.001372 23.590008 0.030873
1.835000 0.017772 0.000031 0.412412 0.000837 0.020515 0.000048 0.483802 0.001382 23.589456 0.031058
1.840000 0.017828 0.000031 0.413730 0.000840 0.020580 0.000049 0.485294 0.001394 23.586878 0.031525
1.845000 0.017884 0.000031 0.415049 0.000844 0.020645 0.000049 0.486882 0.001408 23.589459 0.031509
1.850000 0.017940 0.000032 0.416369 0.000847 0.020711 0.000049 0.488415 0.001405 23.588865 0.031490
1.855000 0.017996 0.000032 0.417689 0.000851 0.020777 0.000049 0.489916 0.001405 23.586434 0.030976
1.860000 0.018052 0.000032 0.419010 0.000854 0.020842 0.000050 0.491460 0.001431 23.586620 0.031535
1.865000 0.018108 0.000032 0.420332 0.000858 0.020907 0.000050 0.493033 0.001428 23.588236 0.031921
1.870000 0.018164 0.000032 0.421654 0.000861 0.020974 0.000050 0.494591 0.001434 23.588092 0.031780
1.875000 0.018220 0.000032 0.422977 0.000865 0.021039 0.000051 0.496070 0.001440 23.585540 0.031487
1.880000 0.018276 0.000032 0.424300 0.000868 0.021104 0.000051 0.497565 0.001448 23.583409 0.031456
1.885000 0.018333 0.000032 0.425623 0.000871 0.021170 0.000051 0.499186 0.001459 23.586615 0.031551
1.890000 0.018389 0.000032 0.426948 0.000875 0.021235 0.000051 0.500732 0.001463 23.586806 0.031485
1.895000 0.018445 0.000033 0.428273 0.000878 0.021301 0.000052 0.502220 0.001481 23.583604 0.032410
1.900000 0.018501 0.000033 0.429598 0.000882 0.021367 0.000052 0.503790 0.001476 23.585031 0.031714
1.905000 0.018557 0.000033 0.430924 0.000885 0.021432 0.000052 0.505317 0.001486 23.584451 0.031527
1.910000 0.018614 0.000033 0.432251 0.000889 0.021498 0.000052 0.506824 0.001491 23.582106 0.032509
1.915000 0.018670 0.000033 0.433578 0.000892 0.021563 0.000053 0.508370 0.001497 23.582665 0.032182
1.920000 0.018726 0.000033 0.434905 0.000896 0.021628 0.000053 0.509937 0.001512 23.583823 0.031544
1.925000 0.018783 0.000033 0.436234 0.000899 0.021695 0.000053 0.511486 0.001504 23.583268 0.031392
1.930000 0.018839 0.000033 0.437562 0.000903 0.021760 0.000054 0.512979 0.001520 23.581273 0.032413
1.935000 0.018895 0.000034 0.438892 0.000906 0.021825 0.000054 0.514560 0.001538 23.583193 0.032784
1.940000 0.018952 0.000034 0.440222 0.000910 0.021891 0.000054 0.516121 0.001530 23.583097 0.031812
1.945000 0.019008 0.000034 0.441552 0.000913 0.021957 0.000054 0.517578 0.001555 23.579398 0.032759
1.950000 0.019065 0.000034 0.442883 0.000917 0.022022 0.000055 0.519184 0.001558 23.582338 0.032167
1.955000 0.019121 0.000034 0.444214 0.000921 0.022088 0.000055 0.520756 0.001554 23.583203 0.032072
1.960000 0.019178 0.000034 0.445546 0.000924 0.022154 0.000055 0.522206 0.001572 23.578884 0.032566
1.965000 0.019234 0.000034 0.446879 0.000928 0.022219 0.000055 0.523765 0.001570 23.579128 0.031683
1.970000 0.019291 0.000034 0.448212 0.000931 0.022284 0.000056 0.525392 0.001579 23.583408 0.032358
1.975000 0.019347 0.000034 0.449546 0.000935 0.022350 0.000056 0.526851 0.001603 23.579536 0.032786
1.980000 0.019404 0.000035 0.450880 0.000938 0.022416 0.000056 0.528394 0.001599 23.578682 0.032651
1.985000 0.019460 0.000035 0.452214 0.000942 0.022481 0.000057 0.530009 0.001599 23.582130 0.032654
1.990000 0.019517 0.000035 0.453550 0.000945 0.022547 0.000057 0.531508 0.001622 23.580433 0.032883
1.995000 0.019574 0.000035 0.454885 0.000949 0.022613 0.000057 0.533012 0.001632 23.577772 0.032275
2.000000 0.019630 0.000035 0.456221 0.000953 0.022678 0.000057 0.534541 0.001628 23.577386 0.032539
2.005000 0.019687 0.000035 0.457558 0.000956 0.022744 0.000058 0.536137 0.001623 23.580015 0.032907
2.010000 0.019744 0.000035 0.458895 0.000960 0.022810 0.000058 0.537664 0.001658 23.578235 0.033043
2.015000 0.019801 0.000035 0.460233 0.000964 0.022875 0.000058 0.539220 0.001664 23.578913 0.032940
2.020000 0.019857 0.000036 0.461571 0.000967 0.022941 0.000059 0.540795 0.001666 23.580733 0.032912
2.025000 0.019914 0.000036 0.462910 0.000971 0.023007 0.000059 0.542224 0.001665 23.575065 0.032746
2.030000 0.019971 0.000036 0.464249 0.000974 0.023073 0.000059 0.543807 0.001681 23.576168 0.032699
2.035000 0.020028 0.000036 0.465589 0.000978 0.023137 0.000059 0.545433 0.001701 23.580540 0.033442
2.040000 0.020085 0.000036 0.466929 0.000982 0.023203 0.000060 0.546914 0.001688 23.577473 0.032698
2.045000 0.020142 0.000036 0.468270 0.000985 0.023269 0.000060 0.548444 0.001701 23.576684 0.032793
2.050000 0.020198 0.000036 0.469611 0.000989 0.023335 0.000060 0.550025 0.001717 23.578310 0.033383
2.055000 0.020255 0.000036 0.470953 0.000993 0.023400 0.000061 0.551509 0.001717 23.575350 0.032606
2.060000 0.020312 0.000037 0.472295 0.000996 0.023465 0.000061 0.553073 0.001730 23.576941 0.032823
2.065000 0.020369 0.000037 0.473638 0.001000 0.023532 0.000061 0.554624 0.001740 23.576550 0.033471
2.070000 0.020426 0.000037 0.474981 0.001004 0.023597 0.000061 0.556141 0.001743 23.575447 0.032989
2.075000 0.020483 0.000037 0.476324 0.001008 0.023663 0.000061 0.557759 0.001756 23.578416 0.033135
2.080000 0.020540 0.000037 0.477669 0.001011 0.023729 0.000062 0.559263 0.001771 23.576360 0.033210
2.085000 0.020597 0.000037 0.479013 0.001015 0.023793 0.000062 0.560845 0.001782 23.578619 0.033102
2.090000 0.020654 0.000037 0.480358 0.001019 0.023860 0.000062 0.562354 0.001780 23.576400 0.033742
2.095000 0.020712 0.000037 0.481704 0.001022 0.023926 0.000063 0.563884 0.001782 23.575202 0.032912
2.100000 0.020769 0.000038 0.483050 0.001026 0.023991 0.000063 0.565442 0.001786 23.576501 0.032757
2.105000 0.020826 0.000038 0.484396 0.001030 0.024056 0.000063 0.566965 0.001806 23.575838 0.033880
2.110000 0.020883 0.000038 0.485744 0.001034 0.024122 0.000064 0.568533 0.001818 23.576714 0.033020
2.115000 0.020940 0.000038 0.487091 0.001037 0.024188 0.000064 0.570085 0.001836 23.576458 0.033280
2.120000 0.020997 0.000038 0.488439 0.001041 0.024253 0.000064 0.571617 0.001837 23.576823 0.033649
2.125000 0.021054 0.000038 0.489787 0.001045 0.024319 0.000064 0.573126 0.001826 23.574754 0.032746
2.130000 0.021112 0.000038 0.491136 0.001049 0.024385 0.000065 0.574697 0.001865 23.575253 0.034205
2.135000 0.021169 0.000038 0.492485 0.001053 0.024449 0.000065 0.576216 0.001859 23.575787 0.033096
2.140000 0.021226 0.000039 0.493835 0.001056 0.024515 0.000065 0.577785 0.001848 23.575904 0.032522
2.145000 0.021284 0.000039 0.495185 0.001060 0.024581 0.000065 0.579354 0.001885 23.576547 0.034071
2.150000 0.021341 0.000039 0.496536 0.001064 0.024646 0.000066 0.580968 0.001887 23.579597 0.033089
2.155000 0.021398 0.000039 0.497887 0.001068 0.024712 0.000066 0.582380 0.001891 23.574187 0.033003
2.160000 0.021455 0.000039 0.499238 0.001072 0.024777 0.000066 0.583903 0.001920 23.573640 0.033789
2.165000 0.021513 0.000039 0.500591 0.001076 0.024842 0.000066 0.585549 0.001926 23.577997 0.034346
2.170000 0.021570 0.000039 0.501943 0.001079 0.024909 0.000067 0.587056 0.001908 23.575815 0.033302
2.175000 0.021628 0.000039 0.503296 0.001083 0.024974 0.000067 0.588613 0.001934 23.576567 0.032957
2.180000 0.021685 0.000040 0.504649 0.001087 0.025039 0.000067 0.590119 0.001940 23.575181 0.033457
2.185000 0.021743 0.000040 0.506003 0.001091 0.025105 0.000067 0.591674 0.001942 23.575658 0.033196
2.190000 0.021800 0.000040 0.507357 0.001095 0.025171 0.000068 0.593203 0.001962 23.575099 0.033589
2.195000 0.021857 0.000040 0.508712 0.001099 0.025236 0.000068 0.594757 0.001961 23.575105 0.033486
2.200000 0.021915 0.000040 0.510067 0.001103 0.025301 0.000068 0.596367 0.001978 23.578533 0.033448
2.205000 0.021972 0.000040 0.511422 0.001107 0.025367 0.000069 0.597844 0.002000 23.575342 0.033462
2.210000 0.022030 0.000040 0.512778 0.001111 0.025432 0.000069 0.599365 0.001984 23.574981 0.032963
2.215000 0.022088 0.000040 0.514134 0.001114 0.025497 0.000069 0.600951 0.002004 23.577118 0.033997
2.220000 0.022145 0.000041 0.515491 0.001118 0.025563 0.000069 0.602506 0.002023 23.576903 0.033995
2.225000 0.022203 0.000041 0.516848 0.001122 0.025629 0.000070 0.604027 0.002017 23.575972 0.033477
2.230000 0.022260 0.000041 0.518206 0.001126 0.025694 0.000070 0.605506 0.002036 23.573593 0.033886
2.235000 0.022318 0.000041 0.519564 0.001130 0.025759 0.000070 0.607126 0.002048 23.577349 0.033469
2.240000 0.022376 0.000041 0.520922 0.001134 0.025825 0.000071 0.608682 0.002046 23.577146 0.032859
2.245000 0.022433 0.000041 0.522281 0.001138 0.025891 0.000071 0.610192 0.002063 23.575649 0.033204
2.250000 0.022491 0.000041 0.523640 0.001142 0.025956 0.000071 0.611676 0.002070 23.573686 0.033868
2.255000 0.022549 0.000041 0.525000 0.001146 0.026022 0.000071 0.613313 0.002067 23.577670 0.033810
2.260000 0.022606 0.000042 0.526360 0.001150 0.026087 0.000072 0.614902 0.002104 23.579648 0.033991
2.265000 0.022664 0.000042 0.527720 0.001154 0.026153 0.000072 0.616248 0.002090 23.570961 0.033388
2.270000 0.022722 0.000042 0.529081 0.001158 0.026218 0.000072 0.617878 0.002111 23.575251 0.033896
2.275000 0.022779 0.000042 0.530442 0.001162 0.026283 0.000072 0.619507 0.002130 23.578953 0.033778
2.280000 0.022837 0.000042 0.531804 0.001166 0.026349 0.000073 0.620947 0.002108 23.574473 0.033161
2.285000 0.022895 0.000042 0.533166 0.001171 0.026414 0.000073 0.622546 0.002147 23.577014 0.033787
2.290000 0.022953 0.000042 0.534528 0.001175 0.026479 0.000074 0.624051 0.002167 23.575631 0.034152
2.295000 0.023011 0.000043 0.535891 0.001179 0.026544 0.000073 0.625628 0.002155 23.577739 0.033904
2.300000 0.023069 0.000043 0.537254 0.001183 0.026610 0.000074 0.627179 0.002146 23.577768 0.033277
2.305000 0.023126 0.000043 0.538618 0.001187 0.026677 0.000074 0.628653 0.002188 23.573436 0.034209
2.310000 0.023184 0.000043 0.539982 0.001191 0.026741 0.000075 0.630189 0.002191 23.575096 0.033416
2.315000 0.023242 0.000043 0.541346 0.001195 0.026806 0.000075 0.631762 0.002195 23.576546 0.033667
2.320000 0.023300 0.000043 0.542711 0.001199 0.026872 0.000075 0.633356 0.002209 23.577447 0.034216
2.325000 0.023358 0.000043 0.544076 0.001203 0.026937 0.000075 0.634818 0.002208 23.575363 0.033952
2.330000 0.023416 0.000043 0.545441 0.001208 0.027003 0.000076 0.636348 0.002219 23.574287 0.033448
2.335000 0.023474 0.000044 0.546807 0.001212 0.027069 0.000076 0.637952 0.002235 23.576332 0.034267
2.340000 0.023532 0.000044 0.548173 0.001216 0.027133 0.000076 0.639438 0.002256 23.575140 0.034455
2.345000 0.023590 0.000044 0.549540 0.001220 0.027198 0.000077 0.640902 0.002257 23.572759 0.033857
2.350000 0.023648 0.000044 0.550906 0.001224 0.027265 0.000077 0.642528 0.002260 23.574805 0.033804
2.355000 0.023706 0.000044 0.552274 0.001229 0.027330 0.000077 0.644082 0.002278 23.575525 0.033904
2.360000 0.023764 0.000044 0.553641 0.001233 0.027395 0.000077 0.645625 0.002294 23.575885 0.034269
2.365000 0.023822 0.000044 0.555009 0.001237 0.027461 0.000078 0.647162 0.002286 23.575542 0.033864
2.370000 0.023880 0.000045 0.556378 0.001241 0.027525 0.000078 0.648641 0.002306 23.573963 0.034570
2.375000 0.023938 0.000045 0.557746 0.001245 0.027591 0.000078 0.650248 0.002312 23.576016 0.034187
2.380000 0.023996 0.000045 0.559116 0.001250 0.027657 0.000079 0.651809 0.002320 23.576406 0.033826
2.385000 0.024054 0.000045 0.560485 0.001254 0.027721 0.000079 0.653232 0.002331 23.572933 0.034480
2.390000 0.024112 0.000045 0.561855 0.001258 0.027788 0.000079 0.654810 0.002349 23.573756 0.034446
2.395000 0.024171 0.000045 0.563225 0.001262 0.027853 0.000079 0.656383 0.002360 23.574758 0.034344
2.400000 0.024229 0.000045 0.564595 0.001267 0.027917 0.000080 0.657861 0.002356 23.573541 0.034838
